,name,version,level,Status,Reason,full_hash,hash,Num Successes,Num Fails,Alloc Time,yaml_file,dependencies
22k22jzgv64fufd4oed4q5at3iv55yde,phist,1.9.3,0,SUCCESS,Not Scheduled,22k22jzgv64fufd4oed4q5at3iv55yde,ajwvmkyjl2pi54xjifwvkllx5t3dxvxv,1,0,3600,/p/vast1/koparasy/BUILD/spack_cluster_installer/quartz/phist/specs/22k22jzgv64fufd4oed4q5at3iv55yde.yaml,"['4xadmhufpbmiqtukns5746hf4omjctp2', 'pixgaikfwcfvjoaxl6ttns5cnaygnlh7', 'jav4wqudjcg7dsjv2bfmiftfzddznkg3', 'xfuvvfr4i4tjs5lykm4oszvtsukl2773']"
22kokvopgeo2vb3xmwfuxsrx4v4mqzao,phist,1.9.3,0,SUCCESS,Not Scheduled,22kokvopgeo2vb3xmwfuxsrx4v4mqzao,xsu245b6jdskvt2pbrpgkiwbpkyqw2ep,1,0,3600,/p/vast1/koparasy/BUILD/spack_cluster_installer/quartz/phist/specs/22kokvopgeo2vb3xmwfuxsrx4v4mqzao.yaml,"['cc2pjls542mbtszq2c3nsfsgbvpc5vly', '3hqp53udoet3v7jym6kv3gzuwzpcwugf', 'enmph22kij4dkoywh774utctv74v22o2', 'adugbxkbcrodzkf5ftmuhn37tiun44ru']"
24seaga52km6eod6dzaozi7o5br3sr4d,phist,1.9.1,0,SUCCESS,Not Scheduled,24seaga52km6eod6dzaozi7o5br3sr4d,josjd5bq7nkncufuuzzgtj22scx35rak,1,0,3600,/p/vast1/koparasy/BUILD/spack_cluster_installer/quartz/phist/specs/24seaga52km6eod6dzaozi7o5br3sr4d.yaml,"['dlcoh6sne3jhcafr2gpz5t5etj5ilpko', 'nnaxyn37rpv4cdnsn6bdq3dwjpjprguk', 'ntv6ad3f3cii5lhhbobjik4dw34tsi2y', 'vus7jsysfyed3pjcjp6esxs7vlykgj74']"
25wwnmsib55vg4eebiwz7lr73bfgahuq,phist,1.9.2,0,SUCCESS,Not Scheduled,25wwnmsib55vg4eebiwz7lr73bfgahuq,qxdcgqjky2iknazsb4s665pbkuz4dl56,1,0,3600,/p/vast1/koparasy/BUILD/spack_cluster_installer/quartz/phist/specs/25wwnmsib55vg4eebiwz7lr73bfgahuq.yaml,"['qdum4gzpqdvy7verqstfdkfkdbbmuwwr', 'o67hxbh52k63nf4og7xilfcc2gsfhrcl', 'ntv6ad3f3cii5lhhbobjik4dw34tsi2y', 'xfuvvfr4i4tjs5lykm4oszvtsukl2773']"
2bp4kam5gfcr6otdq5e24qwaoxw6yf7v,phist,1.9.0,0,SUCCESS,Not Scheduled,2bp4kam5gfcr6otdq5e24qwaoxw6yf7v,c7pjv4nvxbfmdqdtidmctbjkjhb6cgw3,1,0,3600,/p/vast1/koparasy/BUILD/spack_cluster_installer/quartz/phist/specs/2bp4kam5gfcr6otdq5e24qwaoxw6yf7v.yaml,"['xuzoopuqc6xedk76f76n2alifrt5llgk', 'lrouz6fqqhd4ruqc56tmsxswjm5vacj3', 'zoitcwm3mmoqi6lpjxnayztrwu6in5br', 'ya3luux2r7itkznf5t6ppfy2dyij326h']"
2ebzz5gju2l3m75eqou53eyxs2gznhhw,phist,1.8.0,0,SUCCESS,Not Scheduled,2ebzz5gju2l3m75eqou53eyxs2gznhhw,gjy7tcrqrh3wu2exdoandsbv7wraxxly,1,0,3600,/p/vast1/koparasy/BUILD/spack_cluster_installer/quartz/phist/specs/2ebzz5gju2l3m75eqou53eyxs2gznhhw.yaml,"['4gih3qhistg2sr2t3b3gjv37ckcgxj4u', '4nzq2eqvti2hifnqlkafgwvgpenqaale', 'qbx2cckwws5nn4kmmg5u7wdg6up44gul', 'bufv2ttl66wolia64nt6wh2xanandsiy']"
2icfulttytae42l2mhgmjxq6rfsugma4,phist,1.7.3,0,SUCCESS,Not Scheduled,2icfulttytae42l2mhgmjxq6rfsugma4,txzzf35avkhymu3rwdtiilclujv7ua5d,1,0,3600,/p/vast1/koparasy/BUILD/spack_cluster_installer/quartz/phist/specs/2icfulttytae42l2mhgmjxq6rfsugma4.yaml,"['eophddrl5cbpoknyiy4p57sl5eumnwdv', '4nzq2eqvti2hifnqlkafgwvgpenqaale', '7f47oejpookmf3ecbjnazq76gfy6nuw6', 'oosigim5cozkcrj2ycodn7lm2qjzritt']"
2lg3a6lgzga3k2dhai2jy4354zaieeik,phist,1.9.2,0,SUCCESS,Not Scheduled,2lg3a6lgzga3k2dhai2jy4354zaieeik,lzow5akagg7spb6b5qrxagymokhupjhj,1,0,3600,/p/vast1/koparasy/BUILD/spack_cluster_installer/quartz/phist/specs/2lg3a6lgzga3k2dhai2jy4354zaieeik.yaml,"['xoh5dfpj74wuz7vfwubmoobpfekx2xwp', 'piol2hoakmpxu4jmihya3hfisbwwat7p', 'ts6limkslso6zu72naiaolcpob6qc6zm', '2zzwified64bq55s3wtt6aq2hv4m7qp4']"
2nz65oc2zqilpcxwy64peffcen3vl4bo,phist,1.6.1,0,SUCCESS,Not Scheduled,2nz65oc2zqilpcxwy64peffcen3vl4bo,3wqknnmyqrqqfpex65xbyjsrol4w2mzl,1,0,3600,/p/vast1/koparasy/BUILD/spack_cluster_installer/quartz/phist/specs/2nz65oc2zqilpcxwy64peffcen3vl4bo.yaml,"['lzivlklhrrdzq5yy4ufp5pdcnpeouy57', 'psxad2ow7kp4i2xp6zoqynhh6az3vxdg', 'ackaa2l4svlmygwwfnzddif7yk6vmngp']"
2oizka3445czu7sz6iyxkpq43tpvgdlx,phist,1.9.2,0,SUCCESS,Not Scheduled,2oizka3445czu7sz6iyxkpq43tpvgdlx,5tamfv6cwazgzuoghscvltr7q3cv4wod,1,0,3600,/p/vast1/koparasy/BUILD/spack_cluster_installer/quartz/phist/specs/2oizka3445czu7sz6iyxkpq43tpvgdlx.yaml,"['ntzozvjjwznqyjkm7gqkljobim4f3oos', 'jsl7r5mwlzon5hijlxtp4kxv2h6khsww', 'enmph22kij4dkoywh774utctv74v22o2', 'gujsava7zuyyftjn6plt3d2ihmn5atuv']"
2oq7ukuckbiuudl2r74b2pf6qxps4yru,phist,1.9.2,0,SUCCESS,Not Scheduled,2oq7ukuckbiuudl2r74b2pf6qxps4yru,ls5kfjpom36gwojmenw2y34ghtjvy4nq,1,0,3600,/p/vast1/koparasy/BUILD/spack_cluster_installer/quartz/phist/specs/2oq7ukuckbiuudl2r74b2pf6qxps4yru.yaml,"['adqh4qvtb4efyl5wruky2oznp6doou4k', 'piol2hoakmpxu4jmihya3hfisbwwat7p', 'pixgaikfwcfvjoaxl6ttns5cnaygnlh7', 'koj2dodmvhtshbuxgh3d56nxiad4hsg6']"
2ryzgmqca6ejupzh5lsikpbr7omuhbvx,phist,1.9.3,0,SUCCESS,Not Scheduled,2ryzgmqca6ejupzh5lsikpbr7omuhbvx,cw3mc4uuompkpszhaft2a6o2ngaulj2k,1,0,3600,/p/vast1/koparasy/BUILD/spack_cluster_installer/quartz/phist/specs/2ryzgmqca6ejupzh5lsikpbr7omuhbvx.yaml,"['qggj523dktgoblmay3gsyfmqjswi3775', 'unrvf6ehypzcbivpfz3d3a6wwj7ab4bi', '4vl3lfy7q3ccacbramfkhlnoso3zjez6', '3xsmvn37i5u4rsmxu7fecilxekayoatk']"
2sjb6vvvbmymbj3mce2hmxoep2xaneph,phist,1.4.3,0,SUCCESS,Not Scheduled,2sjb6vvvbmymbj3mce2hmxoep2xaneph,enw2lr4rikx7u2psuo3ydqzbflspdiia,1,0,3600,/p/vast1/koparasy/BUILD/spack_cluster_installer/quartz/phist/specs/2sjb6vvvbmymbj3mce2hmxoep2xaneph.yaml,"['ntzozvjjwznqyjkm7gqkljobim4f3oos', 'rhvs2peprujw53rkl6p6ctezq2wifbfr', 'zoitcwm3mmoqi6lpjxnayztrwu6in5br']"
2vd46nhvxb7vlmnb7ea7xl7ddwo64xvx,phist,1.8.0,0,SUCCESS,Not Scheduled,2vd46nhvxb7vlmnb7ea7xl7ddwo64xvx,edcwl6cowc477qll6utyabqot7mn2oxv,1,0,3600,/p/vast1/koparasy/BUILD/spack_cluster_installer/quartz/phist/specs/2vd46nhvxb7vlmnb7ea7xl7ddwo64xvx.yaml,"['eophddrl5cbpoknyiy4p57sl5eumnwdv', 'pgpzgajsqpbujo5on4zavxbked6nijyv', 'a64dsl63tlgf6oo64trc62s3bqdef3rz', 'ccgudhcksxjs5pdmyedd7wojx47w7uih']"
2wcp3ult7drkktfw6at6xumgnfirwjfn,phist,1.8.0,0,SUCCESS,Not Scheduled,2wcp3ult7drkktfw6at6xumgnfirwjfn,ip5j7c3hdawbusp5kb33htxvo6fuchl5,1,0,3600,/p/vast1/koparasy/BUILD/spack_cluster_installer/quartz/phist/specs/2wcp3ult7drkktfw6at6xumgnfirwjfn.yaml,"['6xd2dipbxw2sp6guc6zmzfuidzk6c3tu', 'nnaxyn37rpv4cdnsn6bdq3dwjpjprguk', 'wpbb2equvn6ocffiaiolh3qhiv3ozuik', 'i3q3bj3klzfi76vhgjp6eqlwtnmyhtkn']"
2y6hckn2lbjwux3lmfz23ukcgvfq2pqi,phist,1.9.4,0,SUCCESS,Not Scheduled,2y6hckn2lbjwux3lmfz23ukcgvfq2pqi,fw7udmy2blpr64p3ybxt4o3rftjlneun,1,0,3600,/p/vast1/koparasy/BUILD/spack_cluster_installer/quartz/phist/specs/2y6hckn2lbjwux3lmfz23ukcgvfq2pqi.yaml,"['kfrgbub7dgpa2ektnytztsh2nwdfxv7r', 'piol2hoakmpxu4jmihya3hfisbwwat7p', 'wpbb2equvn6ocffiaiolh3qhiv3ozuik', 'ya3luux2r7itkznf5t6ppfy2dyij326h']"
2yn5ujc5yh6oe6anfymhntntdslpnedz,phist,1.4.3,0,SUCCESS,Not Scheduled,2yn5ujc5yh6oe6anfymhntntdslpnedz,w342t5nhtdcsgnspclpohzl3b4o6mcgt,1,0,3600,/p/vast1/koparasy/BUILD/spack_cluster_installer/quartz/phist/specs/2yn5ujc5yh6oe6anfymhntntdslpnedz.yaml,"['z6wk4st2lbp7cjklrfnax3sffnk4xrn5', 'btc6qgpijqk3owq54ytcnwwmcstil4my', 'va7ravkis2whh76yrjrhlbya42juvaz2']"
2zvzcoeu2c4pc5vbtepnaxhvohfy2hvk,phist,1.8.0,0,SUCCESS,Not Scheduled,2zvzcoeu2c4pc5vbtepnaxhvohfy2hvk,ofluaje4e3w2reaprxlvhb7z7nqzdsnt,1,0,3600,/p/vast1/koparasy/BUILD/spack_cluster_installer/quartz/phist/specs/2zvzcoeu2c4pc5vbtepnaxhvohfy2hvk.yaml,"['uoz23qgqo4qbj4qtjk6cqsxnmgziek3f', 'ygypy7hrlpr573l7usybknjq66a334ai', 'wpbb2equvn6ocffiaiolh3qhiv3ozuik', '3dv6763luk23kcxfisvjhoze7fafa7mh']"
32oqv2ku5cuyjt6xsx6nkfjslbzk26z4,phist,1.8.0,0,SUCCESS,Not Scheduled,32oqv2ku5cuyjt6xsx6nkfjslbzk26z4,rxgixjj5qlv37gebq4maxfso3rdyivoq,1,0,3600,/p/vast1/koparasy/BUILD/spack_cluster_installer/quartz/phist/specs/32oqv2ku5cuyjt6xsx6nkfjslbzk26z4.yaml,"['6g4hluemqgwnb7cfxtjd44a5tzjge26y', 'ntv6ad3f3cii5lhhbobjik4dw34tsi2y', 'jav4wqudjcg7dsjv2bfmiftfzddznkg3', 'g53g2cc3hgjbfeqznw3cfkccbz4wv2oo']"
36ynuixm54cciqoidnvkiw3qy3nwc2ga,phist,1.9.5,0,SUCCESS,Not Scheduled,36ynuixm54cciqoidnvkiw3qy3nwc2ga,giwkgvkbpwkz3thpuyaj2qhicaoyq3xj,1,0,3600,/p/vast1/koparasy/BUILD/spack_cluster_installer/quartz/phist/specs/36ynuixm54cciqoidnvkiw3qy3nwc2ga.yaml,"['5ay64uvfayabsrle65lzic5bqzfzh6iy', 'oos6gwszelolzfanpnpghhdq6uco6yiq', 'e4gzs3dduvc65i56avfdbyvn4hervnp6', 'qdh3aj7hhwaq7sieqvhhx3l6ng42yh4z']"
375jhz77saudc6wj4xmrpmc2ji5ojots,phist,1.9.5,0,SUCCESS,Not Scheduled,375jhz77saudc6wj4xmrpmc2ji5ojots,23qqhan4jmlxllv3ezwsx2uwtwftlujz,1,0,3600,/p/vast1/koparasy/BUILD/spack_cluster_installer/quartz/phist/specs/375jhz77saudc6wj4xmrpmc2ji5ojots.yaml,"['lzivlklhrrdzq5yy4ufp5pdcnpeouy57', 'rq6s2a5f726vcpa4lrpyipn6q2phmqvt', 'ackaa2l4svlmygwwfnzddif7yk6vmngp', 'kkxlrfiyvoo3u6epavg7k47qei5ilarz']"
3abxmxz23vlak7txs4fc7dyxxlbhve64,phist,1.8.0,0,SUCCESS,Not Scheduled,3abxmxz23vlak7txs4fc7dyxxlbhve64,hnagn33haayvmlfam4kpgacsoijsc42m,1,0,3600,/p/vast1/koparasy/BUILD/spack_cluster_installer/quartz/phist/specs/3abxmxz23vlak7txs4fc7dyxxlbhve64.yaml,"['nu7hl4exprhcdxak2ys6m32uvd46jjzb', 'o67hxbh52k63nf4og7xilfcc2gsfhrcl', '5ylf25d2nuxwkiqv3j3qvzhrnqpxgs3v', 'b75w2ndimydfamog66xssdh7w6oyuy6v']"
3djb44sxuu5cklv6mzgb5nkz3torpwjf,phist,1.9.4,0,SUCCESS,Not Scheduled,3djb44sxuu5cklv6mzgb5nkz3torpwjf,e5ztyxkvit36cyhqitthojgg7n6cte34,1,0,3600,/p/vast1/koparasy/BUILD/spack_cluster_installer/quartz/phist/specs/3djb44sxuu5cklv6mzgb5nkz3torpwjf.yaml,"['5ay64uvfayabsrle65lzic5bqzfzh6iy', 'qbx2cckwws5nn4kmmg5u7wdg6up44gul', 'jav4wqudjcg7dsjv2bfmiftfzddznkg3', 'dfk4u6fckjgzslvnqyhyez352nvhgr7z']"
3ffk6vjvt7xokkyj7ea65tqd23mjdjni,phist,1.7.2,0,SUCCESS,Not Scheduled,3ffk6vjvt7xokkyj7ea65tqd23mjdjni,p7msammujyvnzl63rasldwzvbapv5v2k,1,0,3600,/p/vast1/koparasy/BUILD/spack_cluster_installer/quartz/phist/specs/3ffk6vjvt7xokkyj7ea65tqd23mjdjni.yaml,"['sxb7ugm75yg7kvlz6h43vyhqyotkv3df', 'piol2hoakmpxu4jmihya3hfisbwwat7p', '5ylf25d2nuxwkiqv3j3qvzhrnqpxgs3v', 'xfuvvfr4i4tjs5lykm4oszvtsukl2773']"
3hen4yuc5zijm6v76gc3mhmwvtqk32hh,phist,1.6.1,0,SUCCESS,Not Scheduled,3hen4yuc5zijm6v76gc3mhmwvtqk32hh,dv64ziozhb7ast7ssfukluxczxqjqhaq,1,0,3600,/p/vast1/koparasy/BUILD/spack_cluster_installer/quartz/phist/specs/3hen4yuc5zijm6v76gc3mhmwvtqk32hh.yaml,"['6g4hluemqgwnb7cfxtjd44a5tzjge26y', '543ypdprmva7vdtsomcw7ysxs4o2xxpb', 'qbx2cckwws5nn4kmmg5u7wdg6up44gul']"
3jr4uksoucbjgv7t2ytatf5ru4te2ei3,phist,1.4.3,0,SUCCESS,Not Scheduled,3jr4uksoucbjgv7t2ytatf5ru4te2ei3,tejv4eunrlczd46qxiamj5o4oiztsg62,1,0,3600,/p/vast1/koparasy/BUILD/spack_cluster_installer/quartz/phist/specs/3jr4uksoucbjgv7t2ytatf5ru4te2ei3.yaml,"['adqh4qvtb4efyl5wruky2oznp6doou4k', 'cf74w5azqfrza3k6rgx7qigrj4qlxp6z', 'oymegvbkeubve4y2qwlvmdxfb4jrsjbt']"
3khpqrkwj4r2f2eeyclcivfmwaaeo74l,phist,1.4.3,0,SUCCESS,Not Scheduled,3khpqrkwj4r2f2eeyclcivfmwaaeo74l,o7zc6gg2as6gx2d3ewrq7f5jusvwa5y4,1,0,3600,/p/vast1/koparasy/BUILD/spack_cluster_installer/quartz/phist/specs/3khpqrkwj4r2f2eeyclcivfmwaaeo74l.yaml,"['b2gbj2djgc7lbpzdydoczrogaiu33xaz', 'jevkaxccmi63eiijwwd6teijgmckbbxg', '6wvvqp3me7kn52zisziksfnloukw3kbm']"
3ngqjbwor2xe7gmv5lngpgb6if6xsxsm,phist,1.9.2,0,SUCCESS,Not Scheduled,3ngqjbwor2xe7gmv5lngpgb6if6xsxsm,yegped7nsnxnqazmunxeb2rtfqnzqzyt,1,0,3600,/p/vast1/koparasy/BUILD/spack_cluster_installer/quartz/phist/specs/3ngqjbwor2xe7gmv5lngpgb6if6xsxsm.yaml,"['5urpxdoddlip3fxtfh32duj2dyjb5yqc', 'lrouz6fqqhd4ruqc56tmsxswjm5vacj3', 'oymegvbkeubve4y2qwlvmdxfb4jrsjbt', 'ya3luux2r7itkznf5t6ppfy2dyij326h']"
3qvhkjzpex6k3pgoic2hzcphqvwegokf,phist,1.9.4,0,SUCCESS,Not Scheduled,3qvhkjzpex6k3pgoic2hzcphqvwegokf,vmoq4mjqcet66xnnwwqdhj5zm4lp7vgw,1,0,3600,/p/vast1/koparasy/BUILD/spack_cluster_installer/quartz/phist/specs/3qvhkjzpex6k3pgoic2hzcphqvwegokf.yaml,"['xoh5dfpj74wuz7vfwubmoobpfekx2xwp', '4nzq2eqvti2hifnqlkafgwvgpenqaale', 'ts6limkslso6zu72naiaolcpob6qc6zm', 'sygg75koa42pbzh6lemsu6mv5egozcwd']"
3ucwfecul3fb5lradi65fqdj7g7xsxwo,phist,1.6.1,0,SUCCESS,Not Scheduled,3ucwfecul3fb5lradi65fqdj7g7xsxwo,o6bn2cc42yejplvagbwcz2mgalcnc4ga,1,0,3600,/p/vast1/koparasy/BUILD/spack_cluster_installer/quartz/phist/specs/3ucwfecul3fb5lradi65fqdj7g7xsxwo.yaml,"['pernvbjtuazsz4ng7xahj4x3rz6kp622', 'wrnrdcjlxz4jvi5ysthyoi6qchidftcz', 'nu7rve24orrsc2ievlfwnal4zmdm3kq6']"
3wxi5a2frjyjurl475uzf7sule4hcsno,phist,1.9.1,0,SUCCESS,Not Scheduled,3wxi5a2frjyjurl475uzf7sule4hcsno,latyzx5zmsxoedjjz2btkhfizs6mbq3a,1,0,3600,/p/vast1/koparasy/BUILD/spack_cluster_installer/quartz/phist/specs/3wxi5a2frjyjurl475uzf7sule4hcsno.yaml,"['ayn4s3glrfbm7drd7adh525poy2qehra', 'sm7tvonxqb65nc4huwkpqd2on2fqtiug', '7f47oejpookmf3ecbjnazq76gfy6nuw6', 'vfycyf7w4awk3uxey57fgivc76amolgx']"
3ynmyofeb6kezcze33napmsni3knuaou,phist,1.7.5,0,SUCCESS,Not Scheduled,3ynmyofeb6kezcze33napmsni3knuaou,3wvld66kq5nnergdiqpez3bw46v37nej,1,0,3600,/p/vast1/koparasy/BUILD/spack_cluster_installer/quartz/phist/specs/3ynmyofeb6kezcze33napmsni3knuaou.yaml,"['rncjcs6ssfs4mcdgr7icux7g44ao6dmt', 'pgpzgajsqpbujo5on4zavxbked6nijyv', '6wvvqp3me7kn52zisziksfnloukw3kbm', 'hwqqsa7fn56hlxqsfske22y4qm5cwmpt']"
3z6tmv23qm4kik67gdzkdygk3ljgak34,phist,1.9.0,0,SUCCESS,Not Scheduled,3z6tmv23qm4kik67gdzkdygk3ljgak34,5tzs2qtqxozg7uqr2f7jwj36ipyvtakl,1,0,3600,/p/vast1/koparasy/BUILD/spack_cluster_installer/quartz/phist/specs/3z6tmv23qm4kik67gdzkdygk3ljgak34.yaml,"['5urpxdoddlip3fxtfh32duj2dyjb5yqc', 'piol2hoakmpxu4jmihya3hfisbwwat7p', 'ts6limkslso6zu72naiaolcpob6qc6zm', 'mlyzbno5wk5o3z3lvnkxxenmfoomwmxg']"
3zzsot7nob2bu7mu4iwtnys6ndout7gb,phist,1.9.5,0,SUCCESS,Not Scheduled,3zzsot7nob2bu7mu4iwtnys6ndout7gb,7no2rq6nlxcvcxzfpq6srmo2cvr5dyz2,1,0,3600,/p/vast1/koparasy/BUILD/spack_cluster_installer/quartz/phist/specs/3zzsot7nob2bu7mu4iwtnys6ndout7gb.yaml,"['6cltqahmkaktfw324ji2dazdmvzcl74f', 'oos6gwszelolzfanpnpghhdq6uco6yiq', '7f47oejpookmf3ecbjnazq76gfy6nuw6', 'cwbqu3mdo3pgpjq2mygyngtbxm35vxvn']"
42ne5o7eghdu4ryitu3yaslns5llwqwt,phist,1.4.3,0,SUCCESS,Not Scheduled,42ne5o7eghdu4ryitu3yaslns5llwqwt,m23nvhckshv7d5zbtifuyucmklcxel6g,1,0,3600,/p/vast1/koparasy/BUILD/spack_cluster_installer/quartz/phist/specs/42ne5o7eghdu4ryitu3yaslns5llwqwt.yaml,"['cuebroshbqpxsgzmzqi3sh4tgfsauzhh', 'rq6s2a5f726vcpa4lrpyipn6q2phmqvt', 'nu7rve24orrsc2ievlfwnal4zmdm3kq6']"
44p74mzkbafkuar2w42ndiheg2wdqqsd,phist,1.6.0,0,SUCCESS,Not Scheduled,44p74mzkbafkuar2w42ndiheg2wdqqsd,spwikoamo57kxrg7ueue2qtvtvjne2zu,1,0,3600,/p/vast1/koparasy/BUILD/spack_cluster_installer/quartz/phist/specs/44p74mzkbafkuar2w42ndiheg2wdqqsd.yaml,"['n2mvrjqr6ezsiyutrju65z33b6qqqg6u', 'vbxtulhjds4pztf5csz7cal3t3kpo7rb', 'oymegvbkeubve4y2qwlvmdxfb4jrsjbt']"
45bu6at6pzp4nnmtcb3dlvucq4la5npt,phist,master,0,SUCCESS,Not Scheduled,45bu6at6pzp4nnmtcb3dlvucq4la5npt,2pmnasb42swsz4gpyni4qit32ldqx6ye,1,0,3600,/p/vast1/koparasy/BUILD/spack_cluster_installer/quartz/phist/specs/45bu6at6pzp4nnmtcb3dlvucq4la5npt.yaml,"['nu7hl4exprhcdxak2ys6m32uvd46jjzb', 'uerfhf2dxzfeeq34cz7oumw6f2nye7kf', 'jav4wqudjcg7dsjv2bfmiftfzddznkg3', 'b75w2ndimydfamog66xssdh7w6oyuy6v']"
46wygwjksifvfefoypojafaibkyqzbt4,phist,1.6.1,0,SUCCESS,Not Scheduled,46wygwjksifvfefoypojafaibkyqzbt4,be4mokn2knhr4yzoi2spe2hbd4sjyro7,1,0,3600,/p/vast1/koparasy/BUILD/spack_cluster_installer/quartz/phist/specs/46wygwjksifvfefoypojafaibkyqzbt4.yaml,"['ajn6ok446bp5ckp2tgt5cssokfk6xdkh', '66zgol5p2tch6s5teuz4452mvmzjg3gx', 'qbx2cckwws5nn4kmmg5u7wdg6up44gul']"
472phk7tk363zhdf77vrby46q57vlest,phist,1.9.2,0,SUCCESS,Not Scheduled,472phk7tk363zhdf77vrby46q57vlest,tx7n3bvphlhwawu7poz4yelhuwkoj3aw,1,0,3600,/p/vast1/koparasy/BUILD/spack_cluster_installer/quartz/phist/specs/472phk7tk363zhdf77vrby46q57vlest.yaml,"['lleeoexgamf2bh5a3ifujra4cvhuq4f6', 'qao2iw6bdjj5a6bwmda4f7xqf6lhvu2z', '7f47oejpookmf3ecbjnazq76gfy6nuw6', '6cemqe5lg744gohy4vcapxo4gs53rzhb']"
4dakfry2yerbg3j4vl5rsklt7krijpig,phist,1.9.5,0,SUCCESS,Not Scheduled,4dakfry2yerbg3j4vl5rsklt7krijpig,z4vpm3jfsx2shnpj6zne6hgqkcepwwcj,1,0,3600,/p/vast1/koparasy/BUILD/spack_cluster_installer/quartz/phist/specs/4dakfry2yerbg3j4vl5rsklt7krijpig.yaml,"['45fflyy6ygunm7fqno623tc322aaow4e', 'unrvf6ehypzcbivpfz3d3a6wwj7ab4bi', 'a64dsl63tlgf6oo64trc62s3bqdef3rz', 'gujsava7zuyyftjn6plt3d2ihmn5atuv']"
4jbihoqczdmx5il6mjy7iiksqptprybs,phist,1.9.5,0,SUCCESS,Not Scheduled,4jbihoqczdmx5il6mjy7iiksqptprybs,dvpym43cr5q27drtx2tfildgyt6w33zn,1,0,3600,/p/vast1/koparasy/BUILD/spack_cluster_installer/quartz/phist/specs/4jbihoqczdmx5il6mjy7iiksqptprybs.yaml,"['qgyod57avvzfkeffeddsiqnklmt7pw2o', 'oos6gwszelolzfanpnpghhdq6uco6yiq', 'uerfhf2dxzfeeq34cz7oumw6f2nye7kf', 'kkxlrfiyvoo3u6epavg7k47qei5ilarz']"
4meaou6pwlru7vyv4qp4nr5tmfyjlevy,phist,1.7.5,0,SUCCESS,Not Scheduled,4meaou6pwlru7vyv4qp4nr5tmfyjlevy,rcstgypo6bib5ggvdlkdvvgd5ijcitlo,1,0,3600,/p/vast1/koparasy/BUILD/spack_cluster_installer/quartz/phist/specs/4meaou6pwlru7vyv4qp4nr5tmfyjlevy.yaml,"['rncjcs6ssfs4mcdgr7icux7g44ao6dmt', 'ygypy7hrlpr573l7usybknjq66a334ai', '32y6nyxbq7wijkurfzyrvorzfpc2mpmk', 'ecxbetovirwrg4gwcbf7edbp77tgmkbz']"
4mkrdvx34icr3mbc6t7vwj5mx6ehx6rz,phist,1.9.4,0,SUCCESS,Not Scheduled,4mkrdvx34icr3mbc6t7vwj5mx6ehx6rz,44facstu66zty2uzwuplra2ijfosnsm6,1,0,3600,/p/vast1/koparasy/BUILD/spack_cluster_installer/quartz/phist/specs/4mkrdvx34icr3mbc6t7vwj5mx6ehx6rz.yaml,"['fm4ireyepeuzbbhzxu52tmdaiw46suw3', 'nnaxyn37rpv4cdnsn6bdq3dwjpjprguk', 'va7ravkis2whh76yrjrhlbya42juvaz2', 'bplxwtxe56ekhs7ag2cfmsxgqa4l7wca']"
4nt4tvd5k3tutcqohdmmn752cyvhu5rd,phist,1.9.2,0,SUCCESS,Not Scheduled,4nt4tvd5k3tutcqohdmmn752cyvhu5rd,wpr5xt4egk73hfzkb5dtxwtphno7tiji,1,0,3600,/p/vast1/koparasy/BUILD/spack_cluster_installer/quartz/phist/specs/4nt4tvd5k3tutcqohdmmn752cyvhu5rd.yaml,"['dzw3tx5w6eltdvzd4rlo2fx6pqm3rxdo', '4nzq2eqvti2hifnqlkafgwvgpenqaale', 'e4gzs3dduvc65i56avfdbyvn4hervnp6', 't3vuev57mj7kw6ikd5bpm4vb6pl7mo2k']"
4o5dlylcyiccaxdvbmutjgvdepelbpqy,phist,1.9.5,0,SUCCESS,Not Scheduled,4o5dlylcyiccaxdvbmutjgvdepelbpqy,cjjayy6n46pe3m4sq7yahfdu7u2eptg4,1,0,3600,/p/vast1/koparasy/BUILD/spack_cluster_installer/quartz/phist/specs/4o5dlylcyiccaxdvbmutjgvdepelbpqy.yaml,"['3unaychwi57t4y7k6iytrw2ou6jtkamk', 'jsl7r5mwlzon5hijlxtp4kxv2h6khsww', 'va7ravkis2whh76yrjrhlbya42juvaz2', '3xsmvn37i5u4rsmxu7fecilxekayoatk']"
4poaghagzhcprqubpyelqtyeof5imce3,phist,1.9.1,0,SUCCESS,Not Scheduled,4poaghagzhcprqubpyelqtyeof5imce3,wzguzui35kdwdp2gyg2evuumukumzjrz,1,0,3600,/p/vast1/koparasy/BUILD/spack_cluster_installer/quartz/phist/specs/4poaghagzhcprqubpyelqtyeof5imce3.yaml,"['pernvbjtuazsz4ng7xahj4x3rz6kp622', 'o67hxbh52k63nf4og7xilfcc2gsfhrcl', '32y6nyxbq7wijkurfzyrvorzfpc2mpmk', '6cemqe5lg744gohy4vcapxo4gs53rzhb']"
4vjvjjulpiaqq3fariltc7cvgszfmewm,phist,1.6.1,0,SUCCESS,Not Scheduled,4vjvjjulpiaqq3fariltc7cvgszfmewm,xrhyiof5l6n2o73o3bo2h4xpzeajvezy,1,0,3600,/p/vast1/koparasy/BUILD/spack_cluster_installer/quartz/phist/specs/4vjvjjulpiaqq3fariltc7cvgszfmewm.yaml,"['332tygc22qycht4oybbwqpo5pmvkpx7h', 'iuzz7scvsuqlibwwfgxnoc7mzyrrm34x', 'va7ravkis2whh76yrjrhlbya42juvaz2']"
4w2s4o36b7nv5gbctd4xxwmwwmvcekcb,phist,1.6.0,0,SUCCESS,Not Scheduled,4w2s4o36b7nv5gbctd4xxwmwwmvcekcb,wx43hfimxexqwhvno2ftlglhxizdrc4u,1,0,3600,/p/vast1/koparasy/BUILD/spack_cluster_installer/quartz/phist/specs/4w2s4o36b7nv5gbctd4xxwmwwmvcekcb.yaml,"['c5p4p2ybhvuk2ddjlznqvufgro7kaoyj', 'ptq3jv6tfq4elfszjnljj5kl6gbuu2hr', 'zoitcwm3mmoqi6lpjxnayztrwu6in5br']"
4wsxodpyf6fxrp3iwg2p2ctipb3mmc57,phist,1.9.2,0,SUCCESS,Not Scheduled,4wsxodpyf6fxrp3iwg2p2ctipb3mmc57,ewgxywsq4zrjcn43z5ykcxik4rpvvqb5,1,0,3600,/p/vast1/koparasy/BUILD/spack_cluster_installer/quartz/phist/specs/4wsxodpyf6fxrp3iwg2p2ctipb3mmc57.yaml,"['3gsn4le7stkw4enroe2oljii4npbqsyu', '2xiruzsf5hw5sfsw6zuouaf4wi3vjb7z', '4vl3lfy7q3ccacbramfkhlnoso3zjez6']"
4ziyrpncgj2mustqrm2mzia4af46kkaa,phist,1.8.0,0,SUCCESS,Not Scheduled,4ziyrpncgj2mustqrm2mzia4af46kkaa,gygagz3sza7jckv7vupdlxm5hvslat3v,1,0,3600,/p/vast1/koparasy/BUILD/spack_cluster_installer/quartz/phist/specs/4ziyrpncgj2mustqrm2mzia4af46kkaa.yaml,"['5urpxdoddlip3fxtfh32duj2dyjb5yqc', 'pgpzgajsqpbujo5on4zavxbked6nijyv', 'ackaa2l4svlmygwwfnzddif7yk6vmngp', 'cwbqu3mdo3pgpjq2mygyngtbxm35vxvn']"
4zxn4n4ibzbvgjygr2itz45dcwtkrihi,phist,1.7.4,0,SUCCESS,Not Scheduled,4zxn4n4ibzbvgjygr2itz45dcwtkrihi,fdwsc7q4fuk6l6pkyhxmkgofdqiuhxbk,1,0,3600,/p/vast1/koparasy/BUILD/spack_cluster_installer/quartz/phist/specs/4zxn4n4ibzbvgjygr2itz45dcwtkrihi.yaml,"['lzivlklhrrdzq5yy4ufp5pdcnpeouy57', 'ygypy7hrlpr573l7usybknjq66a334ai', '6wvvqp3me7kn52zisziksfnloukw3kbm', 'xqsabk7k7xztrevnafvxwsfvriqbewbg']"
53w7662vgomoxox7uytfoj2oic3uzlno,phist,1.9.2,0,SUCCESS,Not Scheduled,53w7662vgomoxox7uytfoj2oic3uzlno,7j6wg5svnipf6k55utfuxrpbaehdycd4,1,0,3600,/p/vast1/koparasy/BUILD/spack_cluster_installer/quartz/phist/specs/53w7662vgomoxox7uytfoj2oic3uzlno.yaml,"['wsqt35zdzh6tfz2i3dnek277xcvujbut', '2vo4ebck7e5f3rga4k7ek7hq2vbjgqab', 'oymegvbkeubve4y2qwlvmdxfb4jrsjbt']"
5hkugitwzdctxgkvm2gf7ld67lm47ls3,phist,1.4.3,0,SUCCESS,Not Scheduled,5hkugitwzdctxgkvm2gf7ld67lm47ls3,c4i7tspl7hgmweomsafxvelllqlbkedu,1,0,3600,/p/vast1/koparasy/BUILD/spack_cluster_installer/quartz/phist/specs/5hkugitwzdctxgkvm2gf7ld67lm47ls3.yaml,"['oyxo4cjuqp4agyztxxisuwva3l2rru4f', 'hjhic4ej3r5htmaqqski6hhhquux2rgs', 'a64dsl63tlgf6oo64trc62s3bqdef3rz']"
5ixqvv5k3injadpjhyoomxp3yo3z2kzx,phist,1.7.2,0,SUCCESS,Not Scheduled,5ixqvv5k3injadpjhyoomxp3yo3z2kzx,xgx2ucbwbmccalkasdqylybbkacduauw,1,0,3600,/p/vast1/koparasy/BUILD/spack_cluster_installer/quartz/phist/specs/5ixqvv5k3injadpjhyoomxp3yo3z2kzx.yaml,"['xuzoopuqc6xedk76f76n2alifrt5llgk', 'nnaxyn37rpv4cdnsn6bdq3dwjpjprguk', 'qbx2cckwws5nn4kmmg5u7wdg6up44gul', 'swh4d2xlg77mo2faldfmgaemxqcqqfpx']"
5jqvm62npohywjxunkobvz5ztwbnnhch,phist,1.9.2,0,SUCCESS,Not Scheduled,5jqvm62npohywjxunkobvz5ztwbnnhch,v7nwm7ppvr6ppmu7ndpuxfxq7k3gieqe,1,0,3600,/p/vast1/koparasy/BUILD/spack_cluster_installer/quartz/phist/specs/5jqvm62npohywjxunkobvz5ztwbnnhch.yaml,"['lymfavcob5jbzuimhvhjjs2uxi2ihyn2', 'rq6s2a5f726vcpa4lrpyipn6q2phmqvt', 'qbx2cckwws5nn4kmmg5u7wdg6up44gul', '3hnfmmobqutp32nehbki364rmk5d2ozk']"
5lqattlb7wmo7lrhln6cvqz4jg5k6va6,phist,1.9.3,0,SUCCESS,Not Scheduled,5lqattlb7wmo7lrhln6cvqz4jg5k6va6,xmvrgfz2eqcu23u7rbfj3b6qvnmyiqgh,1,0,3600,/p/vast1/koparasy/BUILD/spack_cluster_installer/quartz/phist/specs/5lqattlb7wmo7lrhln6cvqz4jg5k6va6.yaml,"['2polunnjoafbfmvqxcikvj4x7zuqxc5u', 'unrvf6ehypzcbivpfz3d3a6wwj7ab4bi', 'nu7rve24orrsc2ievlfwnal4zmdm3kq6', '466r3kdphiqvpanyhzxfi3dkbceeoq3r']"
5mc3jpgajt3zyihqphxngrnsp6235gz7,phist,1.9.4,0,SUCCESS,Not Scheduled,5mc3jpgajt3zyihqphxngrnsp6235gz7,d2mdln3enlioxwa33jzqnmibnfkyuc5x,1,0,3600,/p/vast1/koparasy/BUILD/spack_cluster_installer/quartz/phist/specs/5mc3jpgajt3zyihqphxngrnsp6235gz7.yaml,"['kfrgbub7dgpa2ektnytztsh2nwdfxv7r', 'tubzaa6dxx6odf3aygmau5afuxix7mzf', 'ntv6ad3f3cii5lhhbobjik4dw34tsi2y']"
5mgxhcvj7e2gixyv4bylzri4mqesapfr,phist,1.9.1,0,SUCCESS,Not Scheduled,5mgxhcvj7e2gixyv4bylzri4mqesapfr,kbxyik6c3smk6h2uv7fhrkjctg7f45us,1,0,3600,/p/vast1/koparasy/BUILD/spack_cluster_installer/quartz/phist/specs/5mgxhcvj7e2gixyv4bylzri4mqesapfr.yaml,"['tt6pxxmh2ebmry4a3an3zbvco4xg6yk6', 'sm7tvonxqb65nc4huwkpqd2on2fqtiug', 'e4gzs3dduvc65i56avfdbyvn4hervnp6', 'do5qxxyqs5zd3pl6fspym22uck3tgfhv']"
5oatm46ezfjibtwx3jmjvvjgdtpyuh4c,phist,1.9.3,0,SUCCESS,Not Scheduled,5oatm46ezfjibtwx3jmjvvjgdtpyuh4c,7oeinycpvtxxkvcnlj37tcjn6ark2dgt,1,0,3600,/p/vast1/koparasy/BUILD/spack_cluster_installer/quartz/phist/specs/5oatm46ezfjibtwx3jmjvvjgdtpyuh4c.yaml,"['rjm4hvld3dpi2ixltykozdebn3fbegz4', 'sm7tvonxqb65nc4huwkpqd2on2fqtiug', 'e4gzs3dduvc65i56avfdbyvn4hervnp6', '2zzwified64bq55s3wtt6aq2hv4m7qp4']"
5q7vswqqyuyjmkfi3vl5r5mb4ttcildk,phist,1.9.5,0,SUCCESS,Not Scheduled,5q7vswqqyuyjmkfi3vl5r5mb4ttcildk,oaehrjivlbwpynyfoihx4fttfius7yew,1,0,3600,/p/vast1/koparasy/BUILD/spack_cluster_installer/quartz/phist/specs/5q7vswqqyuyjmkfi3vl5r5mb4ttcildk.yaml,"['4xadmhufpbmiqtukns5746hf4omjctp2', 'pgpzgajsqpbujo5on4zavxbked6nijyv', 'qfqhgzmtl2zvjx4z4em22nxgmvxv6fuz', 'qdh3aj7hhwaq7sieqvhhx3l6ng42yh4z']"
5sq2odwf6qpz6nwv33lcwysag42f3sfe,phist,1.9.4,0,SUCCESS,Not Scheduled,5sq2odwf6qpz6nwv33lcwysag42f3sfe,on2nrwbil7a2aaq25pwbdhp5ll6kfyc2,1,0,3600,/p/vast1/koparasy/BUILD/spack_cluster_installer/quartz/phist/specs/5sq2odwf6qpz6nwv33lcwysag42f3sfe.yaml,"['c5p4p2ybhvuk2ddjlznqvufgro7kaoyj', 'o67hxbh52k63nf4og7xilfcc2gsfhrcl', 'e4gzs3dduvc65i56avfdbyvn4hervnp6', 'dfk4u6fckjgzslvnqyhyez352nvhgr7z']"
5wqqk6tqixyvx4dnhmincqxopnxihwmw,phist,1.9.4,0,SUCCESS,Not Scheduled,5wqqk6tqixyvx4dnhmincqxopnxihwmw,mdlgpbikm3hbylzijdb3xpdzolete4e2,1,0,3600,/p/vast1/koparasy/BUILD/spack_cluster_installer/quartz/phist/specs/5wqqk6tqixyvx4dnhmincqxopnxihwmw.yaml,"['jpy7uqhzyetpybizm2offd2ayhytn7ui', '3hqp53udoet3v7jym6kv3gzuwzpcwugf', 'bwsf7zm23l7uo7jrlmauvq436puvvk2b', 'xre56drzhh5zil5vye3vyfqgiytsuleu']"
5x5k4kzlfugjxgz32bvpwtpx3hyvka57,phist,1.9.0,0,SUCCESS,Not Scheduled,5x5k4kzlfugjxgz32bvpwtpx3hyvka57,g72oyw2td4bathoayqkhjnrlz2wobjqb,1,0,3600,/p/vast1/koparasy/BUILD/spack_cluster_installer/quartz/phist/specs/5x5k4kzlfugjxgz32bvpwtpx3hyvka57.yaml,"['xuzoopuqc6xedk76f76n2alifrt5llgk', 'nnaxyn37rpv4cdnsn6bdq3dwjpjprguk', 'va7ravkis2whh76yrjrhlbya42juvaz2', 'rheabbmfxshe7nf5x6yfcaombbh47rv6']"
65e2wtwqmoqjfdx5fyogjly5uu5nyvjd,phist,1.7.3,0,SUCCESS,Not Scheduled,65e2wtwqmoqjfdx5fyogjly5uu5nyvjd,icioxx3ako2yr3bz6knap3lvzmpizcul,1,0,3600,/p/vast1/koparasy/BUILD/spack_cluster_installer/quartz/phist/specs/65e2wtwqmoqjfdx5fyogjly5uu5nyvjd.yaml,"['b72qqg2ac3qxc2itl272eqagvor2eccu', 'pgpzgajsqpbujo5on4zavxbked6nijyv', 'uerfhf2dxzfeeq34cz7oumw6f2nye7kf', 'tplijrs537vjfccugvmga6xfmpkb226a']"
6a6c5rw7xf2q6yls6pjte4kojvfbadmi,phist,1.9.5,0,SUCCESS,Not Scheduled,6a6c5rw7xf2q6yls6pjte4kojvfbadmi,jrv2ojgztjplwolq7ymzkebzj5rmbrch,1,0,3600,/p/vast1/koparasy/BUILD/spack_cluster_installer/quartz/phist/specs/6a6c5rw7xf2q6yls6pjte4kojvfbadmi.yaml,"['2polunnjoafbfmvqxcikvj4x7zuqxc5u', 'unrvf6ehypzcbivpfz3d3a6wwj7ab4bi', '5ylf25d2nuxwkiqv3j3qvzhrnqpxgs3v', '2uxateew5xr7kkhjcqvohhdsvfuugtti']"
6fwip3oyeadcy2y5ffbo4y7e455pa3fy,phist,1.7.3,0,SUCCESS,Not Scheduled,6fwip3oyeadcy2y5ffbo4y7e455pa3fy,lh3ryaxo36p3hfokpxrwp7psf34oqlj2,1,0,3600,/p/vast1/koparasy/BUILD/spack_cluster_installer/quartz/phist/specs/6fwip3oyeadcy2y5ffbo4y7e455pa3fy.yaml,"['jwapr6sywhb23krxvgfqt6qiyjh5hlfs', 'f2l264vwrw6uo3cfva3fvligiighc7cd', 'jav4wqudjcg7dsjv2bfmiftfzddznkg3', 'vfycyf7w4awk3uxey57fgivc76amolgx']"
6ke4silbioq7kgov465yuj24zixbz3fw,phist,1.7.4,0,SUCCESS,Not Scheduled,6ke4silbioq7kgov465yuj24zixbz3fw,hscmsrvzhtun7scqu2t3iaxlwgvw3fqi,1,0,3600,/p/vast1/koparasy/BUILD/spack_cluster_installer/quartz/phist/specs/6ke4silbioq7kgov465yuj24zixbz3fw.yaml,"['a4po3r7dvq23nyuqv624u6icvq4rravy', 'nnaxyn37rpv4cdnsn6bdq3dwjpjprguk', '32y6nyxbq7wijkurfzyrvorzfpc2mpmk', 'koj2dodmvhtshbuxgh3d56nxiad4hsg6']"
6ncrixlvwzqx3b3eav4pmfvgijmigd7a,phist,1.7.4,0,SUCCESS,Not Scheduled,6ncrixlvwzqx3b3eav4pmfvgijmigd7a,o4quriujwnnx5dyxzfro5vmrveguz6jo,1,0,3600,/p/vast1/koparasy/BUILD/spack_cluster_installer/quartz/phist/specs/6ncrixlvwzqx3b3eav4pmfvgijmigd7a.yaml,"['45fflyy6ygunm7fqno623tc322aaow4e', 'piol2hoakmpxu4jmihya3hfisbwwat7p', '5ylf25d2nuxwkiqv3j3qvzhrnqpxgs3v', '2zzwified64bq55s3wtt6aq2hv4m7qp4']"
6nyc3b2d43waaqagx23bfw4ftanggwqs,phist,1.9.5,0,SUCCESS,Not Scheduled,6nyc3b2d43waaqagx23bfw4ftanggwqs,mqe7eioz5go3jxssw5mu3ditb5bv5mp3,1,0,3600,/p/vast1/koparasy/BUILD/spack_cluster_installer/quartz/phist/specs/6nyc3b2d43waaqagx23bfw4ftanggwqs.yaml,"['rncjcs6ssfs4mcdgr7icux7g44ao6dmt', '3hqp53udoet3v7jym6kv3gzuwzpcwugf', 'f2l264vwrw6uo3cfva3fvligiighc7cd', 'swh4d2xlg77mo2faldfmgaemxqcqqfpx']"
6oy5yrpn6hfezpnv5wmp43edpellsu5c,phist,1.9.5,0,SUCCESS,Not Scheduled,6oy5yrpn6hfezpnv5wmp43edpellsu5c,kh2i7lekxgerb632au35ictv7g4nycv5,1,0,3600,/p/vast1/koparasy/BUILD/spack_cluster_installer/quartz/phist/specs/6oy5yrpn6hfezpnv5wmp43edpellsu5c.yaml,"['a4po3r7dvq23nyuqv624u6icvq4rravy', 'o67hxbh52k63nf4og7xilfcc2gsfhrcl', '7f47oejpookmf3ecbjnazq76gfy6nuw6', '76t4pn4dtwjfg3vxsneywrteye7o3o2u']"
6r7aye65difrbftuzgqcgg37iljj3o42,phist,1.9.5,0,SUCCESS,Not Scheduled,6r7aye65difrbftuzgqcgg37iljj3o42,od2vuieipgstlux7fhrwr5jm7hzjb6qz,1,0,3600,/p/vast1/koparasy/BUILD/spack_cluster_installer/quartz/phist/specs/6r7aye65difrbftuzgqcgg37iljj3o42.yaml,"['xnj4nmhjaz3qd4j7ow6gb3r6plf5eglj', 'dcj65dpnynak3uo2vl6zibo3lj6b4wn6', 'zoitcwm3mmoqi6lpjxnayztrwu6in5br', 'ecxbetovirwrg4gwcbf7edbp77tgmkbz']"
6z436whejv6k3dzlil54u7qcath2ees4,phist,1.7.4,0,SUCCESS,Not Scheduled,6z436whejv6k3dzlil54u7qcath2ees4,vhzycs4lwpzdy6hldxynz3k47oxjee72,1,0,3600,/p/vast1/koparasy/BUILD/spack_cluster_installer/quartz/phist/specs/6z436whejv6k3dzlil54u7qcath2ees4.yaml,"['2fvwcsqfxv6trc3ucje34ywir3ep2ebm', 'ackaa2l4svlmygwwfnzddif7yk6vmngp', 'jav4wqudjcg7dsjv2bfmiftfzddznkg3', 'vfycyf7w4awk3uxey57fgivc76amolgx']"
76bfm4ibddjk473xzzxqya4a7x5pmxoz,phist,1.9.3,0,SUCCESS,Not Scheduled,76bfm4ibddjk473xzzxqya4a7x5pmxoz,4urrr2vzkv2nvjnpdznr4qmpsbzirt3e,1,0,3600,/p/vast1/koparasy/BUILD/spack_cluster_installer/quartz/phist/specs/76bfm4ibddjk473xzzxqya4a7x5pmxoz.yaml,"['f6pmtbfpfyjszbukxpsma5wq3rgi3joh', 'rq6s2a5f726vcpa4lrpyipn6q2phmqvt', 'a64dsl63tlgf6oo64trc62s3bqdef3rz', 'xfuvvfr4i4tjs5lykm4oszvtsukl2773']"
76zh33itdsou3tlb6bhwvhbs7ck7bw72,phist,1.7.2,0,SUCCESS,Not Scheduled,76zh33itdsou3tlb6bhwvhbs7ck7bw72,2gfowww5qg72y4lgkznrdym3wj276y34,1,0,3600,/p/vast1/koparasy/BUILD/spack_cluster_installer/quartz/phist/specs/76zh33itdsou3tlb6bhwvhbs7ck7bw72.yaml,"['qdum4gzpqdvy7verqstfdkfkdbbmuwwr', 'ntv6ad3f3cii5lhhbobjik4dw34tsi2y', 'jav4wqudjcg7dsjv2bfmiftfzddznkg3', 'xfuvvfr4i4tjs5lykm4oszvtsukl2773']"
77jaj4uq6ywj3u6oyqmdeycn7khlwhqx,phist,1.9.4,0,SUCCESS,Not Scheduled,77jaj4uq6ywj3u6oyqmdeycn7khlwhqx,44facstu66zty2uzwuplra2ijfosnsm6,1,0,3600,/p/vast1/koparasy/BUILD/spack_cluster_installer/quartz/phist/specs/77jaj4uq6ywj3u6oyqmdeycn7khlwhqx.yaml,"['a4po3r7dvq23nyuqv624u6icvq4rravy', 'nnaxyn37rpv4cdnsn6bdq3dwjpjprguk', 'va7ravkis2whh76yrjrhlbya42juvaz2', 'qdh3aj7hhwaq7sieqvhhx3l6ng42yh4z']"
7dg7czgok7dfo5a7j4j6a6pyzbctnysq,phist,1.9.0,0,SUCCESS,Not Scheduled,7dg7czgok7dfo5a7j4j6a6pyzbctnysq,notlkb6cnziovcvzppuobn57lj6jr6u4,1,0,3600,/p/vast1/koparasy/BUILD/spack_cluster_installer/quartz/phist/specs/7dg7czgok7dfo5a7j4j6a6pyzbctnysq.yaml,"['n2mvrjqr6ezsiyutrju65z33b6qqqg6u', 'pgpzgajsqpbujo5on4zavxbked6nijyv', 'qfqhgzmtl2zvjx4z4em22nxgmvxv6fuz', '466r3kdphiqvpanyhzxfi3dkbceeoq3r']"
7e53hwbz75ouhizuwc6n4yz5jvi2h2yn,phist,1.6.1,0,SUCCESS,Not Scheduled,7e53hwbz75ouhizuwc6n4yz5jvi2h2yn,6o2jurtnwv3xcmqk5sd3h4dxd7w3yojf,1,0,3600,/p/vast1/koparasy/BUILD/spack_cluster_installer/quartz/phist/specs/7e53hwbz75ouhizuwc6n4yz5jvi2h2yn.yaml,"['pernvbjtuazsz4ng7xahj4x3rz6kp622', 'ph56kumysymvm4hzx6ubdov35nntd2h6', 'f2l264vwrw6uo3cfva3fvligiighc7cd']"
7fceag6mvpzmhnuqhfgt4oeifv52wg2g,phist,1.8.0,0,SUCCESS,Not Scheduled,7fceag6mvpzmhnuqhfgt4oeifv52wg2g,jlo5slzyy23c74ugvdqq7c5k5nryw3ir,1,0,3600,/p/vast1/koparasy/BUILD/spack_cluster_installer/quartz/phist/specs/7fceag6mvpzmhnuqhfgt4oeifv52wg2g.yaml,"['dzw3tx5w6eltdvzd4rlo2fx6pqm3rxdo', 'nnaxyn37rpv4cdnsn6bdq3dwjpjprguk', 'ntv6ad3f3cii5lhhbobjik4dw34tsi2y', 'kxto7byos6uxahl674u36teq4lkwx7ng']"
7kf7admmc6bb4hdb6dugkbcfftyqyaqp,phist,1.9.4,0,SUCCESS,Not Scheduled,7kf7admmc6bb4hdb6dugkbcfftyqyaqp,ao53kvipyxtary2rvuzzxinx4fr23zxw,1,0,3600,/p/vast1/koparasy/BUILD/spack_cluster_installer/quartz/phist/specs/7kf7admmc6bb4hdb6dugkbcfftyqyaqp.yaml,"['a4po3r7dvq23nyuqv624u6icvq4rravy', 'lrouz6fqqhd4ruqc56tmsxswjm5vacj3', 'uerfhf2dxzfeeq34cz7oumw6f2nye7kf', 'ya3luux2r7itkznf5t6ppfy2dyij326h']"
7lynwjutpt5dfqc7kqjcgroi6trrcmya,phist,1.7.3,0,SUCCESS,Not Scheduled,7lynwjutpt5dfqc7kqjcgroi6trrcmya,voqqdlyriuvsglud5zg6iaglochqghji,1,0,3600,/p/vast1/koparasy/BUILD/spack_cluster_installer/quartz/phist/specs/7lynwjutpt5dfqc7kqjcgroi6trrcmya.yaml,"['sxb7ugm75yg7kvlz6h43vyhqyotkv3df', 'qao2iw6bdjj5a6bwmda4f7xqf6lhvu2z', '4vl3lfy7q3ccacbramfkhlnoso3zjez6', 'wv67ekgtmnnhxjsx45qulie2ubqxgvoc']"
7mhre6yd5akli46s5cfwcm5wnxcmkfhb,phist,1.9.1,0,SUCCESS,Not Scheduled,7mhre6yd5akli46s5cfwcm5wnxcmkfhb,kas7u2miocfrn7z4vylatoj247tvagdg,1,0,3600,/p/vast1/koparasy/BUILD/spack_cluster_installer/quartz/phist/specs/7mhre6yd5akli46s5cfwcm5wnxcmkfhb.yaml,"['k73wib26wtzh4k5dpofvkb2adrrfwcpx', '4wvvmcsp7ncmh5nxmrxuaim7gzvtqkct', '5ylf25d2nuxwkiqv3j3qvzhrnqpxgs3v']"
7rcamq5i62k6q3njmof6m6cw63p2qbcu,phist,1.7.4,0,SUCCESS,Not Scheduled,7rcamq5i62k6q3njmof6m6cw63p2qbcu,t7nucuo6z6hhx5j7a7tk3artt4ycsrkq,1,0,3600,/p/vast1/koparasy/BUILD/spack_cluster_installer/quartz/phist/specs/7rcamq5i62k6q3njmof6m6cw63p2qbcu.yaml,"['okwpzdocjdmo3kshjl5m366tdoriw72q', 'pgpzgajsqpbujo5on4zavxbked6nijyv', 'f2l264vwrw6uo3cfva3fvligiighc7cd', 'yvlarfkbgcoxgh7c2h5uai4baw367knl']"
7t6wg3t7tm5dkhvpt44q4aqok2nsuz2t,phist,1.7.5,0,SUCCESS,Not Scheduled,7t6wg3t7tm5dkhvpt44q4aqok2nsuz2t,ccfdixshi5rpg7cr7lmuxellbnidh4g5,1,0,3600,/p/vast1/koparasy/BUILD/spack_cluster_installer/quartz/phist/specs/7t6wg3t7tm5dkhvpt44q4aqok2nsuz2t.yaml,"['eophddrl5cbpoknyiy4p57sl5eumnwdv', 'nnaxyn37rpv4cdnsn6bdq3dwjpjprguk', 'ntv6ad3f3cii5lhhbobjik4dw34tsi2y', 'qq6s6upvciqxpd6uym2kocar23swkzkr']"
7uvd74lsnupwmxyadnsy674l6xxt4nwp,phist,1.9.5,0,SUCCESS,Not Scheduled,7uvd74lsnupwmxyadnsy674l6xxt4nwp,ntllscnshb4b3k2kx4v75njrjb4cp3yg,1,0,3600,/p/vast1/koparasy/BUILD/spack_cluster_installer/quartz/phist/specs/7uvd74lsnupwmxyadnsy674l6xxt4nwp.yaml,"['lymfavcob5jbzuimhvhjjs2uxi2ihyn2', '3hqp53udoet3v7jym6kv3gzuwzpcwugf', '7f47oejpookmf3ecbjnazq76gfy6nuw6', 'bplxwtxe56ekhs7ag2cfmsxgqa4l7wca']"
7uy5l6ro6xvtnfn3hf3okhcpxfr3rt2m,phist,1.7.2,0,SUCCESS,Not Scheduled,7uy5l6ro6xvtnfn3hf3okhcpxfr3rt2m,fsfhuucwlk3tb6mgyyqbgtzplsz3xgga,1,0,3600,/p/vast1/koparasy/BUILD/spack_cluster_installer/quartz/phist/specs/7uy5l6ro6xvtnfn3hf3okhcpxfr3rt2m.yaml,"['lymfavcob5jbzuimhvhjjs2uxi2ihyn2', 'qao2iw6bdjj5a6bwmda4f7xqf6lhvu2z', 'uerfhf2dxzfeeq34cz7oumw6f2nye7kf', 'wv67ekgtmnnhxjsx45qulie2ubqxgvoc']"
7xm7nim5do42qatx2vzddsdftedvours,phist,1.9.5,0,SUCCESS,Not Scheduled,7xm7nim5do42qatx2vzddsdftedvours,uqt45s3bu2vmie4ssmkyp7li4xzwmoro,1,0,3600,/p/vast1/koparasy/BUILD/spack_cluster_installer/quartz/phist/specs/7xm7nim5do42qatx2vzddsdftedvours.yaml,"['lzivlklhrrdzq5yy4ufp5pdcnpeouy57', 'jsl7r5mwlzon5hijlxtp4kxv2h6khsww', 'ntv6ad3f3cii5lhhbobjik4dw34tsi2y', 'ya3luux2r7itkznf5t6ppfy2dyij326h']"
a333w3fsrngtin773v7ljm5xihr7vbko,phist,1.9.1,0,SUCCESS,Not Scheduled,a333w3fsrngtin773v7ljm5xihr7vbko,3iz5gpw664yes3k3tfxgkt3mc6mhiuwe,1,0,3600,/p/vast1/koparasy/BUILD/spack_cluster_installer/quartz/phist/specs/a333w3fsrngtin773v7ljm5xihr7vbko.yaml,"['v5fkij426oajch4eai6vffgkd3efp4wy', 'o67hxbh52k63nf4og7xilfcc2gsfhrcl', 'nu7rve24orrsc2ievlfwnal4zmdm3kq6', 'ccgudhcksxjs5pdmyedd7wojx47w7uih']"
a3mxs4lt7poywzhkdts3aubv6ueqpm66,phist,1.6.1,0,SUCCESS,Not Scheduled,a3mxs4lt7poywzhkdts3aubv6ueqpm66,4jv23hvzird6yk4cbvi5iyamge6pjowm,1,0,3600,/p/vast1/koparasy/BUILD/spack_cluster_installer/quartz/phist/specs/a3mxs4lt7poywzhkdts3aubv6ueqpm66.yaml,"['k73wib26wtzh4k5dpofvkb2adrrfwcpx', 'a64dsl63tlgf6oo64trc62s3bqdef3rz', 'jav4wqudjcg7dsjv2bfmiftfzddznkg3']"
a4kp663y5tzk765rwdry4tfgafjxnz6t,phist,1.7.4,0,SUCCESS,Not Scheduled,a4kp663y5tzk765rwdry4tfgafjxnz6t,kpai5cewisp4no2b4xqx6gjxpxaiq5yq,1,0,3600,/p/vast1/koparasy/BUILD/spack_cluster_installer/quartz/phist/specs/a4kp663y5tzk765rwdry4tfgafjxnz6t.yaml,"['v5fkij426oajch4eai6vffgkd3efp4wy', '3hqp53udoet3v7jym6kv3gzuwzpcwugf', '5ylf25d2nuxwkiqv3j3qvzhrnqpxgs3v', '466r3kdphiqvpanyhzxfi3dkbceeoq3r']"
abfvefuhj2burcykabuy23ugk2swbfh3,phist,1.9.5,0,SUCCESS,Not Scheduled,abfvefuhj2burcykabuy23ugk2swbfh3,xi72u7dkaxugoy7fptv4x6ohzugkoln5,1,0,3600,/p/vast1/koparasy/BUILD/spack_cluster_installer/quartz/phist/specs/abfvefuhj2burcykabuy23ugk2swbfh3.yaml,"['v5fkij426oajch4eai6vffgkd3efp4wy', 'qao2iw6bdjj5a6bwmda4f7xqf6lhvu2z', 'oymegvbkeubve4y2qwlvmdxfb4jrsjbt', 'ccgudhcksxjs5pdmyedd7wojx47w7uih']"
aemzspuv5rpqy5pwpmdlxh7zeiw744le,phist,1.9.5,0,SUCCESS,Not Scheduled,aemzspuv5rpqy5pwpmdlxh7zeiw744le,7yqcrnzdx6whmisy6wgcxf2qq7etpgui,1,0,3600,/p/vast1/koparasy/BUILD/spack_cluster_installer/quartz/phist/specs/aemzspuv5rpqy5pwpmdlxh7zeiw744le.yaml,"['pernvbjtuazsz4ng7xahj4x3rz6kp622', 'sm7tvonxqb65nc4huwkpqd2on2fqtiug', 'f2l264vwrw6uo3cfva3fvligiighc7cd', 'yz4lpkfq7t257p6qvx6mjrattx776sw6']"
aigxm34ihpmzzkiesmjkxfpeg7rkcxfe,phist,1.9.0,0,SUCCESS,Not Scheduled,aigxm34ihpmzzkiesmjkxfpeg7rkcxfe,gx3iekvxpm32i6ness5gyfzqw4djj2g3,1,0,3600,/p/vast1/koparasy/BUILD/spack_cluster_installer/quartz/phist/specs/aigxm34ihpmzzkiesmjkxfpeg7rkcxfe.yaml,"['k73wib26wtzh4k5dpofvkb2adrrfwcpx', 'nnaxyn37rpv4cdnsn6bdq3dwjpjprguk', 'ackaa2l4svlmygwwfnzddif7yk6vmngp', '76t4pn4dtwjfg3vxsneywrteye7o3o2u']"
amvgt72vu2tucqrblrpsjrnvwl5xoayb,phist,1.7.5,0,SUCCESS,Not Scheduled,amvgt72vu2tucqrblrpsjrnvwl5xoayb,c6ebjhkpyn2ujzdu7rmkwb25ky7v3w2w,1,0,3600,/p/vast1/koparasy/BUILD/spack_cluster_installer/quartz/phist/specs/amvgt72vu2tucqrblrpsjrnvwl5xoayb.yaml,"['e3phkmmgmjc4gmufo4xr3h4o5xg7ngoe', 'rq6s2a5f726vcpa4lrpyipn6q2phmqvt', 'qfqhgzmtl2zvjx4z4em22nxgmvxv6fuz', 'do5qxxyqs5zd3pl6fspym22uck3tgfhv']"
anuh2jzz2pmoyeqjhmvarh6ggppsemdl,phist,1.7.5,0,SUCCESS,Not Scheduled,anuh2jzz2pmoyeqjhmvarh6ggppsemdl,k4pqwmolinarxfmowsb7ojp5unv5adbi,1,0,3600,/p/vast1/koparasy/BUILD/spack_cluster_installer/quartz/phist/specs/anuh2jzz2pmoyeqjhmvarh6ggppsemdl.yaml,"['zpwdny2qsjkfx4n74fguqj2se3jmctwv', 'f2l264vwrw6uo3cfva3fvligiighc7cd', 'jav4wqudjcg7dsjv2bfmiftfzddznkg3', 'cbrwtopprulbz7y5xcwh22jglhwuffel']"
au362xfm76mf44422rmn6hc35y7x34a7,phist,1.9.5,0,SUCCESS,Not Scheduled,au362xfm76mf44422rmn6hc35y7x34a7,dgtux2tsz5vosxvgf4gqxh7foydkcuau,1,0,3600,/p/vast1/koparasy/BUILD/spack_cluster_installer/quartz/phist/specs/au362xfm76mf44422rmn6hc35y7x34a7.yaml,"['jwapr6sywhb23krxvgfqt6qiyjh5hlfs', '3hqp53udoet3v7jym6kv3gzuwzpcwugf', 'enmph22kij4dkoywh774utctv74v22o2', 'b75w2ndimydfamog66xssdh7w6oyuy6v']"
avg3m245m3nvqe7tecxyfwn3ocopyvef,phist,1.7.3,0,SUCCESS,Not Scheduled,avg3m245m3nvqe7tecxyfwn3ocopyvef,qvbwceg6zdkeatjcq3zkykgosgvl7lb3,1,0,3600,/p/vast1/koparasy/BUILD/spack_cluster_installer/quartz/phist/specs/avg3m245m3nvqe7tecxyfwn3ocopyvef.yaml,"['zpwdny2qsjkfx4n74fguqj2se3jmctwv', 'nnaxyn37rpv4cdnsn6bdq3dwjpjprguk', 'enmph22kij4dkoywh774utctv74v22o2', 'ya3luux2r7itkznf5t6ppfy2dyij326h']"
ayqfg642jhozupdmnxbzqojitpuxvzlr,phist,1.9.5,0,SUCCESS,Not Scheduled,ayqfg642jhozupdmnxbzqojitpuxvzlr,dpjnujmo2v43cnpwk3nqhpdfztvgvuq7,1,0,3600,/p/vast1/koparasy/BUILD/spack_cluster_installer/quartz/phist/specs/ayqfg642jhozupdmnxbzqojitpuxvzlr.yaml,"['b72qqg2ac3qxc2itl272eqagvor2eccu', 'qao2iw6bdjj5a6bwmda4f7xqf6lhvu2z', 'va7ravkis2whh76yrjrhlbya42juvaz2', 'i3q3bj3klzfi76vhgjp6eqlwtnmyhtkn']"
azstwykr2hpa32klneqf2gvj2ylcbfbh,phist,1.9.5,0,SUCCESS,Not Scheduled,azstwykr2hpa32klneqf2gvj2ylcbfbh,4j5tfd5qoathfdqmpyr33lp5qxk4lglp,1,0,3600,/p/vast1/koparasy/BUILD/spack_cluster_installer/quartz/phist/specs/azstwykr2hpa32klneqf2gvj2ylcbfbh.yaml,"['b2gbj2djgc7lbpzdydoczrogaiu33xaz', '4nzq2eqvti2hifnqlkafgwvgpenqaale', 'uerfhf2dxzfeeq34cz7oumw6f2nye7kf', 'kkxlrfiyvoo3u6epavg7k47qei5ilarz']"
b224ovjwun6hb36vjuafydhu2qh3gqeh,phist,1.9.0,0,SUCCESS,Not Scheduled,b224ovjwun6hb36vjuafydhu2qh3gqeh,ftvfc6sesvbaf5bctsmb454p2yxiqwby,1,0,3600,/p/vast1/koparasy/BUILD/spack_cluster_installer/quartz/phist/specs/b224ovjwun6hb36vjuafydhu2qh3gqeh.yaml,"['pernvbjtuazsz4ng7xahj4x3rz6kp622', 'jsl7r5mwlzon5hijlxtp4kxv2h6khsww', 'qbx2cckwws5nn4kmmg5u7wdg6up44gul', '3o76m4utiyrsvuxwx2ytcv7sd3g35si6']"
b2s7g6mgampwymka5zm7ydfltizn44tl,phist,1.9.1,0,SUCCESS,Not Scheduled,b2s7g6mgampwymka5zm7ydfltizn44tl,4x7gj4b6adk4gwgsupcxttsatvhmwhfx,1,0,3600,/p/vast1/koparasy/BUILD/spack_cluster_installer/quartz/phist/specs/b2s7g6mgampwymka5zm7ydfltizn44tl.yaml,"['2polunnjoafbfmvqxcikvj4x7zuqxc5u', 'unrvf6ehypzcbivpfz3d3a6wwj7ab4bi', 'va7ravkis2whh76yrjrhlbya42juvaz2', '3hnfmmobqutp32nehbki364rmk5d2ozk']"
b3gvofashmqcv53rh3hh24hjojevl366,phist,1.4.3,0,SUCCESS,Not Scheduled,b3gvofashmqcv53rh3hh24hjojevl366,hjnafrqq3x25mxlvn3hetoblrase23io,1,0,3600,/p/vast1/koparasy/BUILD/spack_cluster_installer/quartz/phist/specs/b3gvofashmqcv53rh3hh24hjojevl366.yaml,"['eqjwss2dh4qzumpe65az7z6g2cq6cnpt', 'kn6ju526dxzc2ehanreqs7kp477duabq', 'f2l264vwrw6uo3cfva3fvligiighc7cd']"
bckdxnhfzl6zq2owpgcmdbeemxvw6m5t,phist,1.9.1,0,SUCCESS,Not Scheduled,bckdxnhfzl6zq2owpgcmdbeemxvw6m5t,jkiuldzuuuyzoojpy32diqn7sjm74hjl,1,0,3600,/p/vast1/koparasy/BUILD/spack_cluster_installer/quartz/phist/specs/bckdxnhfzl6zq2owpgcmdbeemxvw6m5t.yaml,"['mjr2modeaqgy4b3jqdc2phbmyqxfmrrp', 'enmph22kij4dkoywh774utctv74v22o2', 'jav4wqudjcg7dsjv2bfmiftfzddznkg3', 'blx5oevdamsygvihtxj347vgwhchodl4']"
bdpw3dfjr6fcsdsyzvku3glap7yqgc5k,phist,1.9.0,0,SUCCESS,Not Scheduled,bdpw3dfjr6fcsdsyzvku3glap7yqgc5k,qzf4lts4ahnu6mt5sqt23bjf6f62f2bk,1,0,3600,/p/vast1/koparasy/BUILD/spack_cluster_installer/quartz/phist/specs/bdpw3dfjr6fcsdsyzvku3glap7yqgc5k.yaml,"['3gsn4le7stkw4enroe2oljii4npbqsyu', 'pgpzgajsqpbujo5on4zavxbked6nijyv', '4vl3lfy7q3ccacbramfkhlnoso3zjez6', 'g53g2cc3hgjbfeqznw3cfkccbz4wv2oo']"
beghtg4vtmx3hfxhlnfavcqo2gel3rod,phist,1.7.5,0,SUCCESS,Not Scheduled,beghtg4vtmx3hfxhlnfavcqo2gel3rod,56jmm52pi3szihxdmdzpmyctul4md67b,1,0,3600,/p/vast1/koparasy/BUILD/spack_cluster_installer/quartz/phist/specs/beghtg4vtmx3hfxhlnfavcqo2gel3rod.yaml,"['6xd2dipbxw2sp6guc6zmzfuidzk6c3tu', 'qao2iw6bdjj5a6bwmda4f7xqf6lhvu2z', 'f2l264vwrw6uo3cfva3fvligiighc7cd', 'vtlk5yenrh5wgpzgyp6z5bh23o4pmfzn']"
bkm6h3qp6pmqscmevng54gvyqgurgvcu,phist,1.9.5,0,SUCCESS,Not Scheduled,bkm6h3qp6pmqscmevng54gvyqgurgvcu,rhnwfpqtthdg2slsjx22di72onv2uwpb,1,0,3600,/p/vast1/koparasy/BUILD/spack_cluster_installer/quartz/phist/specs/bkm6h3qp6pmqscmevng54gvyqgurgvcu.yaml,"['urgd3icyegjxo43r37uelgc435b5gopu', 'ackaa2l4svlmygwwfnzddif7yk6vmngp', 'jav4wqudjcg7dsjv2bfmiftfzddznkg3', 'tplijrs537vjfccugvmga6xfmpkb226a']"
blf4rlvn35zqvgappoty622ef7fvg6qw,phist,1.7.4,0,SUCCESS,Not Scheduled,blf4rlvn35zqvgappoty622ef7fvg6qw,owky7ljc3a3wx6cwefhjifoc347wmwf2,1,0,3600,/p/vast1/koparasy/BUILD/spack_cluster_installer/quartz/phist/specs/blf4rlvn35zqvgappoty622ef7fvg6qw.yaml,"['mjr2modeaqgy4b3jqdc2phbmyqxfmrrp', 'pgpzgajsqpbujo5on4zavxbked6nijyv', 'ntv6ad3f3cii5lhhbobjik4dw34tsi2y', 'xqsabk7k7xztrevnafvxwsfvriqbewbg']"
bntta7kk7p5vrk5v6en42zuske3ej3gn,phist,1.9.3,0,SUCCESS,Not Scheduled,bntta7kk7p5vrk5v6en42zuske3ej3gn,s3cgiel64tg3iomdepzuzajdqngac7eh,1,0,3600,/p/vast1/koparasy/BUILD/spack_cluster_installer/quartz/phist/specs/bntta7kk7p5vrk5v6en42zuske3ej3gn.yaml,"['2ooattvyzef7jcufitfnwstlfoxav4xl', 'jsl7r5mwlzon5hijlxtp4kxv2h6khsww', '5ylf25d2nuxwkiqv3j3qvzhrnqpxgs3v', 'ccgudhcksxjs5pdmyedd7wojx47w7uih']"
bnx6zdhym3kwbqpmydy7jq43v6vgr3g6,phist,1.6.1,0,SUCCESS,Not Scheduled,bnx6zdhym3kwbqpmydy7jq43v6vgr3g6,kcdbohywa5rbq5qztuonta2ptosdyv6a,1,0,3600,/p/vast1/koparasy/BUILD/spack_cluster_installer/quartz/phist/specs/bnx6zdhym3kwbqpmydy7jq43v6vgr3g6.yaml,"['elupkehd3uhq54xgxarsfic77hkj5373', '5dtrqusbadcezp5u7vbrwt2cczzrgiwa', 'ts6limkslso6zu72naiaolcpob6qc6zm']"
bohtp2n4frqxe57tmufq3ptur6fhzwqw,phist,1.7.2,0,SUCCESS,Not Scheduled,bohtp2n4frqxe57tmufq3ptur6fhzwqw,amusfvrotwvjlzdruh3t2oztwiyb5fww,1,0,3600,/p/vast1/koparasy/BUILD/spack_cluster_installer/quartz/phist/specs/bohtp2n4frqxe57tmufq3ptur6fhzwqw.yaml,"['a6yjpcj2u4xrhnoh265r6nv2wcpagmx4', 'qfqhgzmtl2zvjx4z4em22nxgmvxv6fuz', 'jav4wqudjcg7dsjv2bfmiftfzddznkg3', '3by54whjdyxfeiyw5xwwdufdnh5rsuil']"
bov4dagrwyl6uzik33bw2tct3m77cyin,phist,1.7.3,0,SUCCESS,Not Scheduled,bov4dagrwyl6uzik33bw2tct3m77cyin,blgogxevfhezevn4xqmi5y4qdtyqook5,1,0,3600,/p/vast1/koparasy/BUILD/spack_cluster_installer/quartz/phist/specs/bov4dagrwyl6uzik33bw2tct3m77cyin.yaml,"['okwpzdocjdmo3kshjl5m366tdoriw72q', 'o67hxbh52k63nf4og7xilfcc2gsfhrcl', 'pixgaikfwcfvjoaxl6ttns5cnaygnlh7', 'hnhnmd3jslo76lpivjlkxepo5noqcapo']"
bty33py6fx5bukx2nc7uz6tg54uvenhy,phist,1.9.4,0,SUCCESS,Not Scheduled,bty33py6fx5bukx2nc7uz6tg54uvenhy,xa2f5m4i3ll2olgob6gtdw7n3uqu6zdf,1,0,3600,/p/vast1/koparasy/BUILD/spack_cluster_installer/quartz/phist/specs/bty33py6fx5bukx2nc7uz6tg54uvenhy.yaml,"['eqjwss2dh4qzumpe65az7z6g2cq6cnpt', 'pgpzgajsqpbujo5on4zavxbked6nijyv', '32y6nyxbq7wijkurfzyrvorzfpc2mpmk', 'gujsava7zuyyftjn6plt3d2ihmn5atuv']"
bvkybbnis3bnqygthxb7tn22wbwtrlzo,phist,1.9.2,0,SUCCESS,Not Scheduled,bvkybbnis3bnqygthxb7tn22wbwtrlzo,scl5nymupccsllv4foxnyasqppjb4q56,1,0,3600,/p/vast1/koparasy/BUILD/spack_cluster_installer/quartz/phist/specs/bvkybbnis3bnqygthxb7tn22wbwtrlzo.yaml,"['5ay64uvfayabsrle65lzic5bqzfzh6iy', 'piol2hoakmpxu4jmihya3hfisbwwat7p', 'a64dsl63tlgf6oo64trc62s3bqdef3rz', 'mddp7kece3bbmer4r5wtjbsdvha2ewrp']"
bxvv75zmxvaanl7bu6g3eppr335f5ugn,phist,1.8.0,0,SUCCESS,Not Scheduled,bxvv75zmxvaanl7bu6g3eppr335f5ugn,ibmzjj3v43ct524vl3guzyvta6eqrj5s,1,0,3600,/p/vast1/koparasy/BUILD/spack_cluster_installer/quartz/phist/specs/bxvv75zmxvaanl7bu6g3eppr335f5ugn.yaml,"['lleeoexgamf2bh5a3ifujra4cvhuq4f6', 'pgpzgajsqpbujo5on4zavxbked6nijyv', 'ntv6ad3f3cii5lhhbobjik4dw34tsi2y', 'tplijrs537vjfccugvmga6xfmpkb226a']"
c2kycv5r2kdki4gjikza3jkxsygeyiwp,phist,1.9.0,0,SUCCESS,Not Scheduled,c2kycv5r2kdki4gjikza3jkxsygeyiwp,64e37o5i7xoxjt3sp35ae34ajyr7vzcm,1,0,3600,/p/vast1/koparasy/BUILD/spack_cluster_installer/quartz/phist/specs/c2kycv5r2kdki4gjikza3jkxsygeyiwp.yaml,"['a6yjpcj2u4xrhnoh265r6nv2wcpagmx4', 'ka2pz5fkmjzkkug7wm6atkw36ius5xrc', '6wvvqp3me7kn52zisziksfnloukw3kbm']"
c3xuehwrwvklak365drwecmo2qxhiiry,phist,1.9.5,0,SUCCESS,Not Scheduled,c3xuehwrwvklak365drwecmo2qxhiiry,mqe7eioz5go3jxssw5mu3ditb5bv5mp3,1,0,3600,/p/vast1/koparasy/BUILD/spack_cluster_installer/quartz/phist/specs/c3xuehwrwvklak365drwecmo2qxhiiry.yaml,"['6xd2dipbxw2sp6guc6zmzfuidzk6c3tu', '3hqp53udoet3v7jym6kv3gzuwzpcwugf', 'f2l264vwrw6uo3cfva3fvligiighc7cd', 'udlxxcjgb2rmvvbn2qgni5wvjuwcyoso']"
c7hzyjppsz677j6adpts6huaifiwwl7u,phist,1.4.3,0,SUCCESS,Not Scheduled,c7hzyjppsz677j6adpts6huaifiwwl7u,kp2iru5quz4ob5imnpwyhu3brceopgpr,1,0,3600,/p/vast1/koparasy/BUILD/spack_cluster_installer/quartz/phist/specs/c7hzyjppsz677j6adpts6huaifiwwl7u.yaml,"['a6yjpcj2u4xrhnoh265r6nv2wcpagmx4', '7yzjlbosdjvmwblaijmdk64j25t4xqv5', 'ntv6ad3f3cii5lhhbobjik4dw34tsi2y']"
call7swwsebntdobzh3w5gmwysvlzzh6,phist,1.9.5,0,SUCCESS,Not Scheduled,call7swwsebntdobzh3w5gmwysvlzzh6,mr2dn72hax4ytv55pynufz7f47xjkjjk,1,0,3600,/p/vast1/koparasy/BUILD/spack_cluster_installer/quartz/phist/specs/call7swwsebntdobzh3w5gmwysvlzzh6.yaml,"['qggj523dktgoblmay3gsyfmqjswi3775', 'pgpzgajsqpbujo5on4zavxbked6nijyv', '5ylf25d2nuxwkiqv3j3qvzhrnqpxgs3v', 'mlyzbno5wk5o3z3lvnkxxenmfoomwmxg']"
cdx64mrbk2ivr5b57dfqzwoipbdinq6g,phist,1.6.0,0,SUCCESS,Not Scheduled,cdx64mrbk2ivr5b57dfqzwoipbdinq6g,oivb677ttdsvqog5mbjh2darpr67prsf,1,0,3600,/p/vast1/koparasy/BUILD/spack_cluster_installer/quartz/phist/specs/cdx64mrbk2ivr5b57dfqzwoipbdinq6g.yaml,"['ajn6ok446bp5ckp2tgt5cssokfk6xdkh', 'sb4qvkqapik5xt2mj25flas22yeb3qhr', 'enmph22kij4dkoywh774utctv74v22o2']"
cech66tcjj4iusfgd4ni5a23aauxpaed,phist,1.4.3,0,SUCCESS,Not Scheduled,cech66tcjj4iusfgd4ni5a23aauxpaed,l7vxi3n6zkz53zhciwqlpfykyhixk472,1,0,3600,/p/vast1/koparasy/BUILD/spack_cluster_installer/quartz/phist/specs/cech66tcjj4iusfgd4ni5a23aauxpaed.yaml,"['mb2haqjmjbmwwgik45gwfj2ghwi6ygto', 'yeabnhr6p76d27pq24bzbf44agyq6ct5', 'nu7rve24orrsc2ievlfwnal4zmdm3kq6']"
chswgliyrmaoetzxxenvuhuyfzul2now,phist,1.6.1,0,SUCCESS,Not Scheduled,chswgliyrmaoetzxxenvuhuyfzul2now,kmkqvnnkitzdh4ysf7yj4v4elooumzm6,1,0,3600,/p/vast1/koparasy/BUILD/spack_cluster_installer/quartz/phist/specs/chswgliyrmaoetzxxenvuhuyfzul2now.yaml,"['qgyod57avvzfkeffeddsiqnklmt7pw2o', '2gj56cvtcpb4etzioxroxwnfpoxg6lh4', 'wpbb2equvn6ocffiaiolh3qhiv3ozuik']"
cjhgrstim5lfdkur362ryvhoxqhs6xlk,phist,1.9.0,0,SUCCESS,Not Scheduled,cjhgrstim5lfdkur362ryvhoxqhs6xlk,hlaxri772giyrimlgtbxiz7sr5ikl75b,1,0,3600,/p/vast1/koparasy/BUILD/spack_cluster_installer/quartz/phist/specs/cjhgrstim5lfdkur362ryvhoxqhs6xlk.yaml,"['eophddrl5cbpoknyiy4p57sl5eumnwdv', 'o67hxbh52k63nf4og7xilfcc2gsfhrcl', 'ts6limkslso6zu72naiaolcpob6qc6zm', 'tplijrs537vjfccugvmga6xfmpkb226a']"
ckgcbpxk6xlverf2ddnpleazkpjwvla6,phist,1.9.5,0,SUCCESS,Not Scheduled,ckgcbpxk6xlverf2ddnpleazkpjwvla6,koodfbblclq3jhmaulmerp7yi2ouk7g3,1,0,3600,/p/vast1/koparasy/BUILD/spack_cluster_installer/quartz/phist/specs/ckgcbpxk6xlverf2ddnpleazkpjwvla6.yaml,"['332tygc22qycht4oybbwqpo5pmvkpx7h', 'oos6gwszelolzfanpnpghhdq6uco6yiq', '6wvvqp3me7kn52zisziksfnloukw3kbm', 'ccgudhcksxjs5pdmyedd7wojx47w7uih']"
cluw3lmaqlzuxpvbbwvvyfjgkhadtsqh,phist,1.4.3,0,SUCCESS,Not Scheduled,cluw3lmaqlzuxpvbbwvvyfjgkhadtsqh,nzwpoomibbeabwiwizx3eekqydg7junq,1,0,3600,/p/vast1/koparasy/BUILD/spack_cluster_installer/quartz/phist/specs/cluw3lmaqlzuxpvbbwvvyfjgkhadtsqh.yaml,"['37j4ggfds732gt5lhnfrbd23jqustt7q', '2xm2wnsmcs7su4frxbpfbywhnptnm4d5', 'qfqhgzmtl2zvjx4z4em22nxgmvxv6fuz']"
cmq6vphebfqe75vbgq3uxxmihp5bj27l,phist,1.9.4,0,SUCCESS,Not Scheduled,cmq6vphebfqe75vbgq3uxxmihp5bj27l,hvuohwlskdfnokmbiejciq7unrfur4sg,1,0,3600,/p/vast1/koparasy/BUILD/spack_cluster_installer/quartz/phist/specs/cmq6vphebfqe75vbgq3uxxmihp5bj27l.yaml,"['a4po3r7dvq23nyuqv624u6icvq4rravy', 'sm7tvonxqb65nc4huwkpqd2on2fqtiug', '6wvvqp3me7kn52zisziksfnloukw3kbm', 'b75w2ndimydfamog66xssdh7w6oyuy6v']"
cnpi54tvt6vmzwewkz2xcqqpgmjnhmof,phist,1.7.3,0,SUCCESS,Not Scheduled,cnpi54tvt6vmzwewkz2xcqqpgmjnhmof,fbjxuicpotsxjqfxdpgtmyckuim26dmo,1,0,3600,/p/vast1/koparasy/BUILD/spack_cluster_installer/quartz/phist/specs/cnpi54tvt6vmzwewkz2xcqqpgmjnhmof.yaml,"['eqjwss2dh4qzumpe65az7z6g2cq6cnpt', 'o67hxbh52k63nf4og7xilfcc2gsfhrcl', 'qbx2cckwws5nn4kmmg5u7wdg6up44gul', 'hnhnmd3jslo76lpivjlkxepo5noqcapo']"
co5l5ulw6h6yo2gmvzolr55t5lpk57qw,phist,1.9.2,0,SUCCESS,Not Scheduled,co5l5ulw6h6yo2gmvzolr55t5lpk57qw,zyqbqa74pweaqc6kdlbjdbpwlxxyqfum,1,0,3600,/p/vast1/koparasy/BUILD/spack_cluster_installer/quartz/phist/specs/co5l5ulw6h6yo2gmvzolr55t5lpk57qw.yaml,"['a4po3r7dvq23nyuqv624u6icvq4rravy', 'rq6s2a5f726vcpa4lrpyipn6q2phmqvt', 'nu7rve24orrsc2ievlfwnal4zmdm3kq6', '6cemqe5lg744gohy4vcapxo4gs53rzhb']"
co5x45idvritoklfsxnnh6quycjjng44,phist,1.9.5,0,SUCCESS,Not Scheduled,co5x45idvritoklfsxnnh6quycjjng44,2gowodig4t7k6kjgmxylhz62lbxaiso3,1,0,3600,/p/vast1/koparasy/BUILD/spack_cluster_installer/quartz/phist/specs/co5x45idvritoklfsxnnh6quycjjng44.yaml,"['lbpam6wrjq2wvbwursykmvrhgofchnek', 'unrvf6ehypzcbivpfz3d3a6wwj7ab4bi', 'e4gzs3dduvc65i56avfdbyvn4hervnp6', 'ccgudhcksxjs5pdmyedd7wojx47w7uih']"
cqteg5jiztelq5oosj6qhsve5hfqknnd,phist,1.6.0,0,SUCCESS,Not Scheduled,cqteg5jiztelq5oosj6qhsve5hfqknnd,tmzqq3ht563go2eeytt5g6zndu2go6yv,1,0,3600,/p/vast1/koparasy/BUILD/spack_cluster_installer/quartz/phist/specs/cqteg5jiztelq5oosj6qhsve5hfqknnd.yaml,"['6xd2dipbxw2sp6guc6zmzfuidzk6c3tu', 'flkj2bvk4phdosupzutjtmtjv3bqzl6n', 'ts6limkslso6zu72naiaolcpob6qc6zm']"
cqwtenjpam7bmcydokec2k3x3ugcotor,phist,1.9.2,0,SUCCESS,Not Scheduled,cqwtenjpam7bmcydokec2k3x3ugcotor,yywmvuitr7ajqx2otwvn67pygyz6ixhp,1,0,3600,/p/vast1/koparasy/BUILD/spack_cluster_installer/quartz/phist/specs/cqwtenjpam7bmcydokec2k3x3ugcotor.yaml,"['mfitdl4f65mkakkamknox2r7i37xyosz', '4nzq2eqvti2hifnqlkafgwvgpenqaale', '4vl3lfy7q3ccacbramfkhlnoso3zjez6', 'dfk4u6fckjgzslvnqyhyez352nvhgr7z']"
cqyudkns4r5emut2ldjuixd2b2cbanzo,phist,1.9.0,0,SUCCESS,Not Scheduled,cqyudkns4r5emut2ldjuixd2b2cbanzo,euefursnhfnp64enss7w34joz3ui7ceb,1,0,3600,/p/vast1/koparasy/BUILD/spack_cluster_installer/quartz/phist/specs/cqyudkns4r5emut2ldjuixd2b2cbanzo.yaml,"['3gsn4le7stkw4enroe2oljii4npbqsyu', 'rq6s2a5f726vcpa4lrpyipn6q2phmqvt', 'ackaa2l4svlmygwwfnzddif7yk6vmngp', '2pju6ia2266tn4vy6dolt6e2oygdpyet']"
crdqs2yoncrrgoizqudywqg2fut3stqb,phist,1.9.1,0,SUCCESS,Not Scheduled,crdqs2yoncrrgoizqudywqg2fut3stqb,4yawasjxy7mv3i2d3ltb65lkwn7pcwgv,1,0,3600,/p/vast1/koparasy/BUILD/spack_cluster_installer/quartz/phist/specs/crdqs2yoncrrgoizqudywqg2fut3stqb.yaml,"['uyabpizxmcmo5i237ce7p6jqziuwdtnp', 'unrvf6ehypzcbivpfz3d3a6wwj7ab4bi', 'uerfhf2dxzfeeq34cz7oumw6f2nye7kf', 'g53g2cc3hgjbfeqznw3cfkccbz4wv2oo']"
cvlnfjrobmzizmqr62yoh6en4a6py5w2,phist,1.9.5,0,SUCCESS,Not Scheduled,cvlnfjrobmzizmqr62yoh6en4a6py5w2,y35vhxi34i7ewfqgqzgw54qdq2fv5oeu,1,0,3600,/p/vast1/koparasy/BUILD/spack_cluster_installer/quartz/phist/specs/cvlnfjrobmzizmqr62yoh6en4a6py5w2.yaml,"['wsqt35zdzh6tfz2i3dnek277xcvujbut', 'ts6limkslso6zu72naiaolcpob6qc6zm', 'jav4wqudjcg7dsjv2bfmiftfzddznkg3', '3vo7xg5zutdxd3nsa5r7cidg5eiguepn']"
cvqru4pculp62aosiknwaddmq4lif55b,phist,1.7.3,0,SUCCESS,Not Scheduled,cvqru4pculp62aosiknwaddmq4lif55b,ok3nsl7xfkhwl6ihdyib67lmfhpxqr2s,1,0,3600,/p/vast1/koparasy/BUILD/spack_cluster_installer/quartz/phist/specs/cvqru4pculp62aosiknwaddmq4lif55b.yaml,"['fm4ireyepeuzbbhzxu52tmdaiw46suw3', 'oymegvbkeubve4y2qwlvmdxfb4jrsjbt', 'jav4wqudjcg7dsjv2bfmiftfzddznkg3', 'udlxxcjgb2rmvvbn2qgni5wvjuwcyoso']"
cyso24wiagdcul6vf2q5ocpcmnhf6fgw,phist,1.9.5,0,SUCCESS,Not Scheduled,cyso24wiagdcul6vf2q5ocpcmnhf6fgw,wh5htyavjmdmn6eebfn665lxlpvyiln2,1,0,3600,/p/vast1/koparasy/BUILD/spack_cluster_installer/quartz/phist/specs/cyso24wiagdcul6vf2q5ocpcmnhf6fgw.yaml,"['deaxaf6gwrzvydgbpzrir7j6tfzfn4ee', 'sm7tvonxqb65nc4huwkpqd2on2fqtiug', '6wvvqp3me7kn52zisziksfnloukw3kbm', 'dfk4u6fckjgzslvnqyhyez352nvhgr7z']"
d2t6qdljrc6bdkt4dkpd3w7jlbuubbm6,phist,1.7.3,0,SUCCESS,Not Scheduled,d2t6qdljrc6bdkt4dkpd3w7jlbuubbm6,rjc7ddoz64hnypfjbwc4y75cxikrc3pw,1,0,3600,/p/vast1/koparasy/BUILD/spack_cluster_installer/quartz/phist/specs/d2t6qdljrc6bdkt4dkpd3w7jlbuubbm6.yaml,"['4xadmhufpbmiqtukns5746hf4omjctp2', 'wpbb2equvn6ocffiaiolh3qhiv3ozuik', 'jav4wqudjcg7dsjv2bfmiftfzddznkg3', '4yvnccgrs5ztzvogkmik6vttarj7dxvi']"
d55yzieybe3jh2duetfx2boer7kwoqn6,phist,1.8.0,0,SUCCESS,Not Scheduled,d55yzieybe3jh2duetfx2boer7kwoqn6,epr7zev2zp4rjdsqoqkatzddxnwltnnm,1,0,3600,/p/vast1/koparasy/BUILD/spack_cluster_installer/quartz/phist/specs/d55yzieybe3jh2duetfx2boer7kwoqn6.yaml,"['lbpam6wrjq2wvbwursykmvrhgofchnek', 'o67hxbh52k63nf4og7xilfcc2gsfhrcl', 'ackaa2l4svlmygwwfnzddif7yk6vmngp', 'hwqqsa7fn56hlxqsfske22y4qm5cwmpt']"
d6fuatgozsljzb2b4gj3j7g3e2m74ixj,phist,1.7.2,0,SUCCESS,Not Scheduled,d6fuatgozsljzb2b4gj3j7g3e2m74ixj,dxmb2n27srtiwv2hnmf5znkfj4zvsajm,1,0,3600,/p/vast1/koparasy/BUILD/spack_cluster_installer/quartz/phist/specs/d6fuatgozsljzb2b4gj3j7g3e2m74ixj.yaml,"['n2mvrjqr6ezsiyutrju65z33b6qqqg6u', 'o67hxbh52k63nf4og7xilfcc2gsfhrcl', '4vl3lfy7q3ccacbramfkhlnoso3zjez6', 'mddp7kece3bbmer4r5wtjbsdvha2ewrp']"
d7u7mtzzqlcbd5yjnfw2ehwdkl6barcs,phist,1.9.5,0,SUCCESS,Not Scheduled,d7u7mtzzqlcbd5yjnfw2ehwdkl6barcs,2gowodig4t7k6kjgmxylhz62lbxaiso3,1,0,3600,/p/vast1/koparasy/BUILD/spack_cluster_installer/quartz/phist/specs/d7u7mtzzqlcbd5yjnfw2ehwdkl6barcs.yaml,"['mjr2modeaqgy4b3jqdc2phbmyqxfmrrp', 'unrvf6ehypzcbivpfz3d3a6wwj7ab4bi', 'e4gzs3dduvc65i56avfdbyvn4hervnp6', 'ecxbetovirwrg4gwcbf7edbp77tgmkbz']"
db55qaw4omjsalud6nsygpy3wjxiwvmu,phist,1.7.3,0,SUCCESS,Not Scheduled,db55qaw4omjsalud6nsygpy3wjxiwvmu,jrg46ytv5n5zoum7qzreel73yucdgq7d,1,0,3600,/p/vast1/koparasy/BUILD/spack_cluster_installer/quartz/phist/specs/db55qaw4omjsalud6nsygpy3wjxiwvmu.yaml,"['t67x44ity5fi57yohgr5r7g7afhv4q6f', 'qao2iw6bdjj5a6bwmda4f7xqf6lhvu2z', 'a64dsl63tlgf6oo64trc62s3bqdef3rz', '3xsmvn37i5u4rsmxu7fecilxekayoatk']"
dela6mfaucynwyrxlajzmzoucwxotf3y,phist,1.9.3,0,SUCCESS,Not Scheduled,dela6mfaucynwyrxlajzmzoucwxotf3y,hj22n4ddqkbxfufxrumrzmftr7tfsicl,1,0,3600,/p/vast1/koparasy/BUILD/spack_cluster_installer/quartz/phist/specs/dela6mfaucynwyrxlajzmzoucwxotf3y.yaml,"['fm4ireyepeuzbbhzxu52tmdaiw46suw3', '4nzq2eqvti2hifnqlkafgwvgpenqaale', 'qbx2cckwws5nn4kmmg5u7wdg6up44gul', 'dfk4u6fckjgzslvnqyhyez352nvhgr7z']"
dfohlnufvzziavigwqkuoj6gcejsvijc,phist,1.9.5,0,SUCCESS,Not Scheduled,dfohlnufvzziavigwqkuoj6gcejsvijc,24mujpqphkw45mpkntftl4hcb6dwumk6,1,0,3600,/p/vast1/koparasy/BUILD/spack_cluster_installer/quartz/phist/specs/dfohlnufvzziavigwqkuoj6gcejsvijc.yaml,"['adqh4qvtb4efyl5wruky2oznp6doou4k', 'sm7tvonxqb65nc4huwkpqd2on2fqtiug', 'a64dsl63tlgf6oo64trc62s3bqdef3rz', 'swh4d2xlg77mo2faldfmgaemxqcqqfpx']"
dicrr4vmmldfmbskrfncu3cjhmaeemhe,phist,1.9.5,0,SUCCESS,Not Scheduled,dicrr4vmmldfmbskrfncu3cjhmaeemhe,zwopw7blmf77mdnyosdthfsrbjavkcjd,1,0,3600,/p/vast1/koparasy/BUILD/spack_cluster_installer/quartz/phist/specs/dicrr4vmmldfmbskrfncu3cjhmaeemhe.yaml,"['uerltlobdgp65ispjwdhzdzfcjzxifuc', 'o67hxbh52k63nf4og7xilfcc2gsfhrcl', '6wvvqp3me7kn52zisziksfnloukw3kbm', 'mddp7kece3bbmer4r5wtjbsdvha2ewrp']"
dk2tcbhbj7ka27rph3klj7xlhipt4brj,phist,1.9.5,0,SUCCESS,Not Scheduled,dk2tcbhbj7ka27rph3klj7xlhipt4brj,yh6q4bisggq5ie4s6buyifoqhzgil7bb,1,0,3600,/p/vast1/koparasy/BUILD/spack_cluster_installer/quartz/phist/specs/dk2tcbhbj7ka27rph3klj7xlhipt4brj.yaml,"['2fvwcsqfxv6trc3ucje34ywir3ep2ebm', '4nzq2eqvti2hifnqlkafgwvgpenqaale', 'e4gzs3dduvc65i56avfdbyvn4hervnp6', '3xsmvn37i5u4rsmxu7fecilxekayoatk']"
dmgr3nk3kcv3ctqur27lt5kg6l7d5wbp,phist,1.9.5,0,SUCCESS,Not Scheduled,dmgr3nk3kcv3ctqur27lt5kg6l7d5wbp,e74ierkommczqssghuvelewuhitwqfik,1,0,3600,/p/vast1/koparasy/BUILD/spack_cluster_installer/quartz/phist/specs/dmgr3nk3kcv3ctqur27lt5kg6l7d5wbp.yaml,"['v5fkij426oajch4eai6vffgkd3efp4wy', '3hqp53udoet3v7jym6kv3gzuwzpcwugf', 'qfqhgzmtl2zvjx4z4em22nxgmvxv6fuz', 'vqlevidp2n32rsegc7557ijp4ayfwao6']"
dmi52ebcsdesg22sqxwbinv4ebagkp5s,phist,1.9.0,0,SUCCESS,Not Scheduled,dmi52ebcsdesg22sqxwbinv4ebagkp5s,7dnvx3iensyey2fr63nhsasjpr4dri4p,1,0,3600,/p/vast1/koparasy/BUILD/spack_cluster_installer/quartz/phist/specs/dmi52ebcsdesg22sqxwbinv4ebagkp5s.yaml,"['mjr2modeaqgy4b3jqdc2phbmyqxfmrrp', 'o67hxbh52k63nf4og7xilfcc2gsfhrcl', 'bwsf7zm23l7uo7jrlmauvq436puvvk2b', 'xfuvvfr4i4tjs5lykm4oszvtsukl2773']"
dmraho3x3lozdmbjd5ah4e7ovyvwjpfd,phist,1.7.5,0,SUCCESS,Not Scheduled,dmraho3x3lozdmbjd5ah4e7ovyvwjpfd,57u5qrdr36yjyfneg72htlah63ncpgu7,1,0,3600,/p/vast1/koparasy/BUILD/spack_cluster_installer/quartz/phist/specs/dmraho3x3lozdmbjd5ah4e7ovyvwjpfd.yaml,"['rncjcs6ssfs4mcdgr7icux7g44ao6dmt', 'va7ravkis2whh76yrjrhlbya42juvaz2', 'jav4wqudjcg7dsjv2bfmiftfzddznkg3', 'mlyzbno5wk5o3z3lvnkxxenmfoomwmxg']"
dnoan2i3vxw2k4zoohfgjcuxuz4z2vw5,phist,1.9.2,0,SUCCESS,Not Scheduled,dnoan2i3vxw2k4zoohfgjcuxuz4z2vw5,vsmtf2thhx3ttn44hdkuofqaa55pdndl,1,0,3600,/p/vast1/koparasy/BUILD/spack_cluster_installer/quartz/phist/specs/dnoan2i3vxw2k4zoohfgjcuxuz4z2vw5.yaml,"['tt6pxxmh2ebmry4a3an3zbvco4xg6yk6', '4nzq2eqvti2hifnqlkafgwvgpenqaale', 'zoitcwm3mmoqi6lpjxnayztrwu6in5br', 'i3q3bj3klzfi76vhgjp6eqlwtnmyhtkn']"
doqob6uvrqp577po6wt3zkl42wk5iaxj,phist,1.9.1,0,SUCCESS,Not Scheduled,doqob6uvrqp577po6wt3zkl42wk5iaxj,j2v5nan7x4dgfaf6i23wyqbopvbbwtbe,1,0,3600,/p/vast1/koparasy/BUILD/spack_cluster_installer/quartz/phist/specs/doqob6uvrqp577po6wt3zkl42wk5iaxj.yaml,"['kdnl3rlh2xgikkgby3xpomo5q2y3kfev', '4nzq2eqvti2hifnqlkafgwvgpenqaale', 'qfqhgzmtl2zvjx4z4em22nxgmvxv6fuz', 'tplijrs537vjfccugvmga6xfmpkb226a']"
drqskdoux22gjfpideb6v45q6mqyizko,phist,1.9.2,0,SUCCESS,Not Scheduled,drqskdoux22gjfpideb6v45q6mqyizko,6kojup3epxhz3cldjcxcvbapwmedphhx,1,0,3600,/p/vast1/koparasy/BUILD/spack_cluster_installer/quartz/phist/specs/drqskdoux22gjfpideb6v45q6mqyizko.yaml,"['elupkehd3uhq54xgxarsfic77hkj5373', '3hqp53udoet3v7jym6kv3gzuwzpcwugf', 'wpbb2equvn6ocffiaiolh3qhiv3ozuik', '4yvnccgrs5ztzvogkmik6vttarj7dxvi']"
dshddomza6jlm62vgmmkpimnfu5fzsgn,phist,1.9.0,0,SUCCESS,Not Scheduled,dshddomza6jlm62vgmmkpimnfu5fzsgn,spodjwian3lcsawweytrllswohk7cq5n,1,0,3600,/p/vast1/koparasy/BUILD/spack_cluster_installer/quartz/phist/specs/dshddomza6jlm62vgmmkpimnfu5fzsgn.yaml,"['4gih3qhistg2sr2t3b3gjv37ckcgxj4u', 'sm7tvonxqb65nc4huwkpqd2on2fqtiug', 'a64dsl63tlgf6oo64trc62s3bqdef3rz', 'dkg2jq2zyspyrzwfku4jjp2cjulu2mq4']"
dskouy3vo7q23x4vg5rwxl3w5n263uqy,phist,1.7.2,0,SUCCESS,Not Scheduled,dskouy3vo7q23x4vg5rwxl3w5n263uqy,q6n2d36i7hdkad2l3oyskoqo7ysgvaoc,1,0,3600,/p/vast1/koparasy/BUILD/spack_cluster_installer/quartz/phist/specs/dskouy3vo7q23x4vg5rwxl3w5n263uqy.yaml,"['4gih3qhistg2sr2t3b3gjv37ckcgxj4u', 'rq6s2a5f726vcpa4lrpyipn6q2phmqvt', 'ackaa2l4svlmygwwfnzddif7yk6vmngp', 'ya3luux2r7itkznf5t6ppfy2dyij326h']"
dtq3dcm3rqsu7spum35cniijgovjw6t6,phist,1.4.3,0,SUCCESS,Not Scheduled,dtq3dcm3rqsu7spum35cniijgovjw6t6,m6lgzdd7cwuesbjrfau6xcxair5mn5hx,1,0,3600,/p/vast1/koparasy/BUILD/spack_cluster_installer/quartz/phist/specs/dtq3dcm3rqsu7spum35cniijgovjw6t6.yaml,"['pernvbjtuazsz4ng7xahj4x3rz6kp622', 'kyq3kdu7cppajzht7aoplj3lfjgivbzw', 'oymegvbkeubve4y2qwlvmdxfb4jrsjbt']"
du2ki6au2g4m76b3ezwysyknqynflymc,phist,1.9.0,0,SUCCESS,Not Scheduled,du2ki6au2g4m76b3ezwysyknqynflymc,euefursnhfnp64enss7w34joz3ui7ceb,1,0,3600,/p/vast1/koparasy/BUILD/spack_cluster_installer/quartz/phist/specs/du2ki6au2g4m76b3ezwysyknqynflymc.yaml,"['4gih3qhistg2sr2t3b3gjv37ckcgxj4u', 'rq6s2a5f726vcpa4lrpyipn6q2phmqvt', 'ackaa2l4svlmygwwfnzddif7yk6vmngp', 'wjc7orimcqq27lcahykhstl5xk6f4oyo']"
duthhmp2iks3ryekc6noxkdsq2k4m2ig,phist,1.9.5,0,SUCCESS,Not Scheduled,duthhmp2iks3ryekc6noxkdsq2k4m2ig,dpcrn7d7ds3jwnhentk63spxuu4bqt5h,1,0,3600,/p/vast1/koparasy/BUILD/spack_cluster_installer/quartz/phist/specs/duthhmp2iks3ryekc6noxkdsq2k4m2ig.yaml,"['cuebroshbqpxsgzmzqi3sh4tgfsauzhh', 'nnaxyn37rpv4cdnsn6bdq3dwjpjprguk', 'pixgaikfwcfvjoaxl6ttns5cnaygnlh7', 'xqsabk7k7xztrevnafvxwsfvriqbewbg']"
dxe4kuuypeevptjekbv7b5mfoaxhc4o6,phist,1.4.3,0,SUCCESS,Not Scheduled,dxe4kuuypeevptjekbv7b5mfoaxhc4o6,3vf6kwgpz52vbj7juhwazh5tclb5muml,1,0,3600,/p/vast1/koparasy/BUILD/spack_cluster_installer/quartz/phist/specs/dxe4kuuypeevptjekbv7b5mfoaxhc4o6.yaml,"['x57cd2yb5bh5lmm3rluojucbqqnegit4', 'iydzwjtukn3hvfyqkmnaigsg5kmsvzei', 'qfqhgzmtl2zvjx4z4em22nxgmvxv6fuz']"
dxepv6tdobgx3pgdkneae3tyyyx3pn6k,phist,1.9.3,0,SUCCESS,Not Scheduled,dxepv6tdobgx3pgdkneae3tyyyx3pn6k,67zkvndjbwjeiersw2trsab6nm2v2f6m,1,0,3600,/p/vast1/koparasy/BUILD/spack_cluster_installer/quartz/phist/specs/dxepv6tdobgx3pgdkneae3tyyyx3pn6k.yaml,"['37j4ggfds732gt5lhnfrbd23jqustt7q', '4nzq2eqvti2hifnqlkafgwvgpenqaale', 'uerfhf2dxzfeeq34cz7oumw6f2nye7kf', 'rheabbmfxshe7nf5x6yfcaombbh47rv6']"
dyhrzagsiuqnznwdq43i2o5t2sv7xyc7,phist,1.7.2,0,SUCCESS,Not Scheduled,dyhrzagsiuqnznwdq43i2o5t2sv7xyc7,esht4l3nhjejmax5mw3kpuswrpxzwkxj,1,0,3600,/p/vast1/koparasy/BUILD/spack_cluster_installer/quartz/phist/specs/dyhrzagsiuqnznwdq43i2o5t2sv7xyc7.yaml,"['wsqt35zdzh6tfz2i3dnek277xcvujbut', 'ghjs6z4uvs2qekf3jt5rolkvh4ltc6gt', 'bwsf7zm23l7uo7jrlmauvq436puvvk2b']"
dzdkmvtc7huusffpdddaf727fldvfwea,phist,1.9.4,0,SUCCESS,Not Scheduled,dzdkmvtc7huusffpdddaf727fldvfwea,nra54xky3fyeljgodlmjkjj43klrmeyv,1,0,3600,/p/vast1/koparasy/BUILD/spack_cluster_installer/quartz/phist/specs/dzdkmvtc7huusffpdddaf727fldvfwea.yaml,"['mfitdl4f65mkakkamknox2r7i37xyosz', 'sm7tvonxqb65nc4huwkpqd2on2fqtiug', 'e4gzs3dduvc65i56avfdbyvn4hervnp6', 'kuelxtaw5qjlhniv3nrlxt47vaak4fit']"
e3plqaqcab2otz66mloivcqmzu7w6jok,phist,1.6.0,0,SUCCESS,Not Scheduled,e3plqaqcab2otz66mloivcqmzu7w6jok,iumrcgxpdnayjvsue7o4tyi5xdjwv4qy,1,0,3600,/p/vast1/koparasy/BUILD/spack_cluster_installer/quartz/phist/specs/e3plqaqcab2otz66mloivcqmzu7w6jok.yaml,"['sdqzjyrkuxg5nq2kuaczyc3otlq4dc7o', 'vpjva7qgobkvdbgrqfmdxpg42ijuunmn', '5ylf25d2nuxwkiqv3j3qvzhrnqpxgs3v']"
eadjeri4pugpjbxoxnyh4peyotlvbqho,phist,master,0,SUCCESS,Not Scheduled,eadjeri4pugpjbxoxnyh4peyotlvbqho,eva3yawl5rozlhnye4j7bimbbiedl5ov,1,0,3600,/p/vast1/koparasy/BUILD/spack_cluster_installer/quartz/phist/specs/eadjeri4pugpjbxoxnyh4peyotlvbqho.yaml,"['6luac5333elbdpucon23uguqkqpiljvv', '32y6nyxbq7wijkurfzyrvorzfpc2mpmk', 'jav4wqudjcg7dsjv2bfmiftfzddznkg3', 'yz4lpkfq7t257p6qvx6mjrattx776sw6']"
eetk4z26c5ihrkxkjaodu7uc6fwlljjo,phist,1.9.3,0,SUCCESS,Not Scheduled,eetk4z26c5ihrkxkjaodu7uc6fwlljjo,mkaa5ft5wauqs646ff4sjdvb2jiwhoj2,1,0,3600,/p/vast1/koparasy/BUILD/spack_cluster_installer/quartz/phist/specs/eetk4z26c5ihrkxkjaodu7uc6fwlljjo.yaml,"['24xbenoaj6pdwgxa46tt5hoyubrindx5', '4nzq2eqvti2hifnqlkafgwvgpenqaale', 'ackaa2l4svlmygwwfnzddif7yk6vmngp', '6cemqe5lg744gohy4vcapxo4gs53rzhb']"
efpso6s2cuemjp4vipj2kpcmbutz2alo,phist,1.9.1,0,SUCCESS,Not Scheduled,efpso6s2cuemjp4vipj2kpcmbutz2alo,oaznwrx4gumaefyaxoy5cnfemtlcgl3p,1,0,3600,/p/vast1/koparasy/BUILD/spack_cluster_installer/quartz/phist/specs/efpso6s2cuemjp4vipj2kpcmbutz2alo.yaml,"['qdum4gzpqdvy7verqstfdkfkdbbmuwwr', 'jsl7r5mwlzon5hijlxtp4kxv2h6khsww', 'ntv6ad3f3cii5lhhbobjik4dw34tsi2y', 'oosigim5cozkcrj2ycodn7lm2qjzritt']"
elwgfk6dqwh3qzmpgfz3n22qh2rhquo7,phist,1.9.3,0,SUCCESS,Not Scheduled,elwgfk6dqwh3qzmpgfz3n22qh2rhquo7,7ifx234znu54jzkql5nfklil42cs3sco,1,0,3600,/p/vast1/koparasy/BUILD/spack_cluster_installer/quartz/phist/specs/elwgfk6dqwh3qzmpgfz3n22qh2rhquo7.yaml,"['olj6q45onykyeor4zfudy6pqhvaa5ezn', 'unrvf6ehypzcbivpfz3d3a6wwj7ab4bi', 'ts6limkslso6zu72naiaolcpob6qc6zm', '3xsmvn37i5u4rsmxu7fecilxekayoatk']"
eu3ce46rfh2rempyrpo4ezi2j3zpufct,phist,1.6.0,0,SUCCESS,Not Scheduled,eu3ce46rfh2rempyrpo4ezi2j3zpufct,yyyox2in3zocjwds7san6wenoljolu7t,1,0,3600,/p/vast1/koparasy/BUILD/spack_cluster_installer/quartz/phist/specs/eu3ce46rfh2rempyrpo4ezi2j3zpufct.yaml,"['pernvbjtuazsz4ng7xahj4x3rz6kp622', '3hqp53udoet3v7jym6kv3gzuwzpcwugf', '5ylf25d2nuxwkiqv3j3qvzhrnqpxgs3v']"
eu6mql4chr45xt25vmszqkpylju6vfoz,phist,1.9.2,0,SUCCESS,Not Scheduled,eu6mql4chr45xt25vmszqkpylju6vfoz,oga4lwdyzwyt5pupio6by4ecbvmpx7km,1,0,3600,/p/vast1/koparasy/BUILD/spack_cluster_installer/quartz/phist/specs/eu6mql4chr45xt25vmszqkpylju6vfoz.yaml,"['37j4ggfds732gt5lhnfrbd23jqustt7q', 'o67hxbh52k63nf4og7xilfcc2gsfhrcl', 'ackaa2l4svlmygwwfnzddif7yk6vmngp', 'xre56drzhh5zil5vye3vyfqgiytsuleu']"
euixuizw4zz63psle2yvip3escr3bmft,phist,1.9.4,0,SUCCESS,Not Scheduled,euixuizw4zz63psle2yvip3escr3bmft,73xtxiurm5cpm557bm4jjhbvwyts6i24,1,0,3600,/p/vast1/koparasy/BUILD/spack_cluster_installer/quartz/phist/specs/euixuizw4zz63psle2yvip3escr3bmft.yaml,"['z6wk4st2lbp7cjklrfnax3sffnk4xrn5', 'ygypy7hrlpr573l7usybknjq66a334ai', 'va7ravkis2whh76yrjrhlbya42juvaz2', '2zzwified64bq55s3wtt6aq2hv4m7qp4']"
euuu26v4hh2xbv4czxgc33jo7y3tt4p7,phist,1.8.0,0,SUCCESS,Not Scheduled,euuu26v4hh2xbv4czxgc33jo7y3tt4p7,2lcyng4bmvw3q3evvr34sge6ae2v3tet,1,0,3600,/p/vast1/koparasy/BUILD/spack_cluster_installer/quartz/phist/specs/euuu26v4hh2xbv4czxgc33jo7y3tt4p7.yaml,"['olj6q45onykyeor4zfudy6pqhvaa5ezn', '4nzq2eqvti2hifnqlkafgwvgpenqaale', 'zoitcwm3mmoqi6lpjxnayztrwu6in5br', 'ya3luux2r7itkznf5t6ppfy2dyij326h']"
ew2zbypf6tbr7vqmuwwhtvpgmhylscpe,phist,1.9.5,0,SUCCESS,Not Scheduled,ew2zbypf6tbr7vqmuwwhtvpgmhylscpe,t45nx2mqtx6jttf7g7vxlnptlpdkfy5o,1,0,3600,/p/vast1/koparasy/BUILD/spack_cluster_installer/quartz/phist/specs/ew2zbypf6tbr7vqmuwwhtvpgmhylscpe.yaml,"['uoz23qgqo4qbj4qtjk6cqsxnmgziek3f', 'nnaxyn37rpv4cdnsn6bdq3dwjpjprguk', '7f47oejpookmf3ecbjnazq76gfy6nuw6', 'hnhnmd3jslo76lpivjlkxepo5noqcapo']"
ewdbslg4cgbibwzlz73psc6haj6pc2hz,phist,1.9.0,0,SUCCESS,Not Scheduled,ewdbslg4cgbibwzlz73psc6haj6pc2hz,fqitujo5ftoich3lhznl6w47zztwxihl,1,0,3600,/p/vast1/koparasy/BUILD/spack_cluster_installer/quartz/phist/specs/ewdbslg4cgbibwzlz73psc6haj6pc2hz.yaml,"['fcmgle4uau2xzbnilxj4pifskp4aadrz', 'sm7tvonxqb65nc4huwkpqd2on2fqtiug', 'zoitcwm3mmoqi6lpjxnayztrwu6in5br', 'g53g2cc3hgjbfeqznw3cfkccbz4wv2oo']"
ewpxfxganb62xlw7xw6us4xmdjrjpuau,phist,1.7.3,0,SUCCESS,Not Scheduled,ewpxfxganb62xlw7xw6us4xmdjrjpuau,54rwy3gvuhj7tv6rwpjmgdr7co5lstbv,1,0,3600,/p/vast1/koparasy/BUILD/spack_cluster_installer/quartz/phist/specs/ewpxfxganb62xlw7xw6us4xmdjrjpuau.yaml,"['pernvbjtuazsz4ng7xahj4x3rz6kp622', 'oos6gwszelolzfanpnpghhdq6uco6yiq', '32y6nyxbq7wijkurfzyrvorzfpc2mpmk', 'swh4d2xlg77mo2faldfmgaemxqcqqfpx']"
f5hjt7x364yk2ntwxxbxieuaunpp2aem,phist,1.9.5,0,SUCCESS,Not Scheduled,f5hjt7x364yk2ntwxxbxieuaunpp2aem,a6ea5zzosjuh7w6wrz33l3lp3tgylz3r,1,0,3600,/p/vast1/koparasy/BUILD/spack_cluster_installer/quartz/phist/specs/f5hjt7x364yk2ntwxxbxieuaunpp2aem.yaml,"['lymfavcob5jbzuimhvhjjs2uxi2ihyn2', 'pgpzgajsqpbujo5on4zavxbked6nijyv', 'zoitcwm3mmoqi6lpjxnayztrwu6in5br', 'rheabbmfxshe7nf5x6yfcaombbh47rv6']"
f7ifamowxr5nunoygw6h57wpss26ipuu,phist,1.7.5,0,SUCCESS,Not Scheduled,f7ifamowxr5nunoygw6h57wpss26ipuu,uafl33zmaz55inhso2y4bqubk4e5kb7s,1,0,3600,/p/vast1/koparasy/BUILD/spack_cluster_installer/quartz/phist/specs/f7ifamowxr5nunoygw6h57wpss26ipuu.yaml,"['vt7lide4cpukeofm25vp7cxvwbfbb55g', '4nzq2eqvti2hifnqlkafgwvgpenqaale', 'qfqhgzmtl2zvjx4z4em22nxgmvxv6fuz', 'wjc7orimcqq27lcahykhstl5xk6f4oyo']"
fcvxcra734lrcehefmxjnxwgahkmd4zb,phist,1.9.2,0,SUCCESS,Not Scheduled,fcvxcra734lrcehefmxjnxwgahkmd4zb,ct5wgagsktgmgaj3j3ibbx6ohoi7o4vj,1,0,3600,/p/vast1/koparasy/BUILD/spack_cluster_installer/quartz/phist/specs/fcvxcra734lrcehefmxjnxwgahkmd4zb.yaml,"['kpbycpoqtmk3bilke53ptc56kt3mx2zy', 'o67hxbh52k63nf4og7xilfcc2gsfhrcl', 'a64dsl63tlgf6oo64trc62s3bqdef3rz', 'yvlarfkbgcoxgh7c2h5uai4baw367knl']"
fpgsyhxdtp4gh7g4clkkexg54cg4vl3x,phist,1.7.2,0,SUCCESS,Not Scheduled,fpgsyhxdtp4gh7g4clkkexg54cg4vl3x,lrzrwyarou5dlpjpvmaixuubjmppgivi,1,0,3600,/p/vast1/koparasy/BUILD/spack_cluster_installer/quartz/phist/specs/fpgsyhxdtp4gh7g4clkkexg54cg4vl3x.yaml,"['mjr2modeaqgy4b3jqdc2phbmyqxfmrrp', 'oos6gwszelolzfanpnpghhdq6uco6yiq', 'uerfhf2dxzfeeq34cz7oumw6f2nye7kf', '3vo7xg5zutdxd3nsa5r7cidg5eiguepn']"
fpyyssp6syh4arsywdvsm767fhx6txa4,phist,1.9.3,0,SUCCESS,Not Scheduled,fpyyssp6syh4arsywdvsm767fhx6txa4,bybvmudkwzgv7tcs6elvmrrktbs7tgai,1,0,3600,/p/vast1/koparasy/BUILD/spack_cluster_installer/quartz/phist/specs/fpyyssp6syh4arsywdvsm767fhx6txa4.yaml,"['fm4ireyepeuzbbhzxu52tmdaiw46suw3', '4nzq2eqvti2hifnqlkafgwvgpenqaale', 'va7ravkis2whh76yrjrhlbya42juvaz2', 'vus7jsysfyed3pjcjp6esxs7vlykgj74']"
frlkrdvb46dvu5nbkrrjrgcityfugh5r,phist,1.7.3,0,SUCCESS,Not Scheduled,frlkrdvb46dvu5nbkrrjrgcityfugh5r,ly6ssqffsvabbt2pmtphdtibtxco7oua,1,0,3600,/p/vast1/koparasy/BUILD/spack_cluster_installer/quartz/phist/specs/frlkrdvb46dvu5nbkrrjrgcityfugh5r.yaml,"['76lh323v6qgmqkxfxx2s3d6hgu4wenn3', 'qao2iw6bdjj5a6bwmda4f7xqf6lhvu2z', 'e4gzs3dduvc65i56avfdbyvn4hervnp6', 'udlxxcjgb2rmvvbn2qgni5wvjuwcyoso']"
ftsx5k45imipwfjgtgv7oj7snmuaat6j,phist,1.9.0,0,SUCCESS,Not Scheduled,ftsx5k45imipwfjgtgv7oj7snmuaat6j,w7nalur6wk5djrscfhs6uvof3uuprshg,1,0,3600,/p/vast1/koparasy/BUILD/spack_cluster_installer/quartz/phist/specs/ftsx5k45imipwfjgtgv7oj7snmuaat6j.yaml,"['sdqzjyrkuxg5nq2kuaczyc3otlq4dc7o', 'unrvf6ehypzcbivpfz3d3a6wwj7ab4bi', 'pixgaikfwcfvjoaxl6ttns5cnaygnlh7', 'kxto7byos6uxahl674u36teq4lkwx7ng']"
fuwlz3lqd6m5gxcynamuqjrowqseqqga,phist,1.9.3,0,SUCCESS,Not Scheduled,fuwlz3lqd6m5gxcynamuqjrowqseqqga,6q73xqckh7c5wngcss6nb3qlv3ramjg5,1,0,3600,/p/vast1/koparasy/BUILD/spack_cluster_installer/quartz/phist/specs/fuwlz3lqd6m5gxcynamuqjrowqseqqga.yaml,"['45fflyy6ygunm7fqno623tc322aaow4e', '2xiruzsf5hw5sfsw6zuouaf4wi3vjb7z', 'f2l264vwrw6uo3cfva3fvligiighc7cd']"
fxewxddl24eaislheol7shkfvfhmyvgb,phist,1.7.2,0,SUCCESS,Not Scheduled,fxewxddl24eaislheol7shkfvfhmyvgb,t6jobzap36svxxyl6doosplhxzllm6rc,1,0,3600,/p/vast1/koparasy/BUILD/spack_cluster_installer/quartz/phist/specs/fxewxddl24eaislheol7shkfvfhmyvgb.yaml,"['olj6q45onykyeor4zfudy6pqhvaa5ezn', 'xnjjjgoovaoh3nwmwuuhfh3i7l3o2f7u', 'oymegvbkeubve4y2qwlvmdxfb4jrsjbt']"
fxgrnzpyl2dwfidgmpvv6mscctzzdogj,phist,1.8.0,0,SUCCESS,Not Scheduled,fxgrnzpyl2dwfidgmpvv6mscctzzdogj,pavquhdxksfxdaydi4umkd2vc3as3lwk,1,0,3600,/p/vast1/koparasy/BUILD/spack_cluster_installer/quartz/phist/specs/fxgrnzpyl2dwfidgmpvv6mscctzzdogj.yaml,"['z6wk4st2lbp7cjklrfnax3sffnk4xrn5', 'qao2iw6bdjj5a6bwmda4f7xqf6lhvu2z', 'f2l264vwrw6uo3cfva3fvligiighc7cd', 'koj2dodmvhtshbuxgh3d56nxiad4hsg6']"
fxuf5zectb475jcixoec7it6v3hbfc53,phist,1.9.5,0,SUCCESS,Not Scheduled,fxuf5zectb475jcixoec7it6v3hbfc53,q3ijndk6qznzyayf3q4usfe52kc257d7,1,0,3600,/p/vast1/koparasy/BUILD/spack_cluster_installer/quartz/phist/specs/fxuf5zectb475jcixoec7it6v3hbfc53.yaml,"['xpc5vskg2gaff732g22r6m5mzxrvtlcd', 'ygypy7hrlpr573l7usybknjq66a334ai', 'wpbb2equvn6ocffiaiolh3qhiv3ozuik', '3o76m4utiyrsvuxwx2ytcv7sd3g35si6']"
fyuf7wqmczukmkwhsgldmkhs6lwbyg6n,phist,1.9.1,0,SUCCESS,Not Scheduled,fyuf7wqmczukmkwhsgldmkhs6lwbyg6n,srthprp3i727sfr3v7lgqgjciey2uajx,1,0,3600,/p/vast1/koparasy/BUILD/spack_cluster_installer/quartz/phist/specs/fyuf7wqmczukmkwhsgldmkhs6lwbyg6n.yaml,"['kpbycpoqtmk3bilke53ptc56kt3mx2zy', 'rq6s2a5f726vcpa4lrpyipn6q2phmqvt', '5ylf25d2nuxwkiqv3j3qvzhrnqpxgs3v', 'vfycyf7w4awk3uxey57fgivc76amolgx']"
g5qublnd2dojfw6lagjllwr4k64zgyn5,phist,1.7.4,0,SUCCESS,Not Scheduled,g5qublnd2dojfw6lagjllwr4k64zgyn5,okh3wh32c6n5wqrjqabsur37r4h5jd26,1,0,3600,/p/vast1/koparasy/BUILD/spack_cluster_installer/quartz/phist/specs/g5qublnd2dojfw6lagjllwr4k64zgyn5.yaml,"['6luac5333elbdpucon23uguqkqpiljvv', '3hqp53udoet3v7jym6kv3gzuwzpcwugf', '4vl3lfy7q3ccacbramfkhlnoso3zjez6', 'bplxwtxe56ekhs7ag2cfmsxgqa4l7wca']"
gandeialsdjahjqjj5ydyq2w7d5kygwz,phist,1.7.5,0,SUCCESS,Not Scheduled,gandeialsdjahjqjj5ydyq2w7d5kygwz,3ylu6ne4ih2i4erugr6tbccja55hmdvr,1,0,3600,/p/vast1/koparasy/BUILD/spack_cluster_installer/quartz/phist/specs/gandeialsdjahjqjj5ydyq2w7d5kygwz.yaml,"['urgd3icyegjxo43r37uelgc435b5gopu', 'piol2hoakmpxu4jmihya3hfisbwwat7p', 'qbx2cckwws5nn4kmmg5u7wdg6up44gul', 'bplxwtxe56ekhs7ag2cfmsxgqa4l7wca']"
ghoblchfow4psralghpdvgzgcc5ekml2,phist,1.9.5,0,SUCCESS,Not Scheduled,ghoblchfow4psralghpdvgzgcc5ekml2,2ubntt2onsvah5reybfmpgm3dbtfufwc,1,0,3600,/p/vast1/koparasy/BUILD/spack_cluster_installer/quartz/phist/specs/ghoblchfow4psralghpdvgzgcc5ekml2.yaml,"['b72qqg2ac3qxc2itl272eqagvor2eccu', 'oos6gwszelolzfanpnpghhdq6uco6yiq', '4vl3lfy7q3ccacbramfkhlnoso3zjez6', 'wjc7orimcqq27lcahykhstl5xk6f4oyo']"
gkftdkfrbsmeeezviubvvszaneha2aif,phist,1.9.4,0,SUCCESS,Not Scheduled,gkftdkfrbsmeeezviubvvszaneha2aif,jtcdgfzj7q4uetojxiyqcevz2udsax7h,1,0,3600,/p/vast1/koparasy/BUILD/spack_cluster_installer/quartz/phist/specs/gkftdkfrbsmeeezviubvvszaneha2aif.yaml,"['xnj4nmhjaz3qd4j7ow6gb3r6plf5eglj', 'ygypy7hrlpr573l7usybknjq66a334ai', 'a64dsl63tlgf6oo64trc62s3bqdef3rz', 'oosigim5cozkcrj2ycodn7lm2qjzritt']"
glugp2gvao4asse34zef4d3xfeo446ec,phist,1.7.2,0,SUCCESS,Not Scheduled,glugp2gvao4asse34zef4d3xfeo446ec,xrsmexqdbwnqrtfnrk6f46inzxdfeawr,1,0,3600,/p/vast1/koparasy/BUILD/spack_cluster_installer/quartz/phist/specs/glugp2gvao4asse34zef4d3xfeo446ec.yaml,"['rncjcs6ssfs4mcdgr7icux7g44ao6dmt', 'ygypy7hrlpr573l7usybknjq66a334ai', 'ntv6ad3f3cii5lhhbobjik4dw34tsi2y', '3xsmvn37i5u4rsmxu7fecilxekayoatk']"
gousjmi6czmnnm33lheoqdooatchijyt,phist,1.9.2,0,SUCCESS,Not Scheduled,gousjmi6czmnnm33lheoqdooatchijyt,w62wpzmuzfibssliulxnnewbkwyl2pkf,1,0,3600,/p/vast1/koparasy/BUILD/spack_cluster_installer/quartz/phist/specs/gousjmi6czmnnm33lheoqdooatchijyt.yaml,"['f6pmtbfpfyjszbukxpsma5wq3rgi3joh', 'unrvf6ehypzcbivpfz3d3a6wwj7ab4bi', 'pixgaikfwcfvjoaxl6ttns5cnaygnlh7', 'mlyzbno5wk5o3z3lvnkxxenmfoomwmxg']"
gqv5cb77drnpty5dh6gfohewsmhofoc4,phist,1.7.3,0,SUCCESS,Not Scheduled,gqv5cb77drnpty5dh6gfohewsmhofoc4,e74d6bjxlaklepphgvho2fiffti4rbxf,1,0,3600,/p/vast1/koparasy/BUILD/spack_cluster_installer/quartz/phist/specs/gqv5cb77drnpty5dh6gfohewsmhofoc4.yaml,"['gzmgmqmw5tnpoh4vkqnhiwd5j5hx4mvk', 'piol2hoakmpxu4jmihya3hfisbwwat7p', 'a64dsl63tlgf6oo64trc62s3bqdef3rz', 'kkxlrfiyvoo3u6epavg7k47qei5ilarz']"
gr66qckmzdyzmkgt6bmtbdfftcczu26w,phist,1.9.5,0,SUCCESS,Not Scheduled,gr66qckmzdyzmkgt6bmtbdfftcczu26w,6iep2orml77udaycttaitdzkv5sfuxa6,1,0,3600,/p/vast1/koparasy/BUILD/spack_cluster_installer/quartz/phist/specs/gr66qckmzdyzmkgt6bmtbdfftcczu26w.yaml,"['tt6pxxmh2ebmry4a3an3zbvco4xg6yk6', 'o67hxbh52k63nf4og7xilfcc2gsfhrcl', 'uerfhf2dxzfeeq34cz7oumw6f2nye7kf', '3by54whjdyxfeiyw5xwwdufdnh5rsuil']"
gwayb3xnooxtkczv7q3ke6acdrjwkblx,phist,1.8.0,0,SUCCESS,Not Scheduled,gwayb3xnooxtkczv7q3ke6acdrjwkblx,voz53tqy6tu6wncc3asqsbalbfmcssi3,1,0,3600,/p/vast1/koparasy/BUILD/spack_cluster_installer/quartz/phist/specs/gwayb3xnooxtkczv7q3ke6acdrjwkblx.yaml,"['lymfavcob5jbzuimhvhjjs2uxi2ihyn2', 'oos6gwszelolzfanpnpghhdq6uco6yiq', '7f47oejpookmf3ecbjnazq76gfy6nuw6', 'bplxwtxe56ekhs7ag2cfmsxgqa4l7wca']"
gwu2molkznw55nso5ey4i3m4axzwug5h,phist,1.9.4,0,SUCCESS,Not Scheduled,gwu2molkznw55nso5ey4i3m4axzwug5h,p2gh6laesdojwjtxvvk6yahpwkxga2ty,1,0,3600,/p/vast1/koparasy/BUILD/spack_cluster_installer/quartz/phist/specs/gwu2molkznw55nso5ey4i3m4axzwug5h.yaml,"['wsqt35zdzh6tfz2i3dnek277xcvujbut', 'piol2hoakmpxu4jmihya3hfisbwwat7p', 'a64dsl63tlgf6oo64trc62s3bqdef3rz', 'vtlk5yenrh5wgpzgyp6z5bh23o4pmfzn']"
gxf265eg2wjlpixnlcifdozy4dzsw2y5,phist,1.7.5,0,SUCCESS,Not Scheduled,gxf265eg2wjlpixnlcifdozy4dzsw2y5,pghpe53ioz4mzydaxzkjolbivbuylqyz,1,0,3600,/p/vast1/koparasy/BUILD/spack_cluster_installer/quartz/phist/specs/gxf265eg2wjlpixnlcifdozy4dzsw2y5.yaml,"['a6yjpcj2u4xrhnoh265r6nv2wcpagmx4', 'o67hxbh52k63nf4og7xilfcc2gsfhrcl', '6wvvqp3me7kn52zisziksfnloukw3kbm', '76t4pn4dtwjfg3vxsneywrteye7o3o2u']"
h2yhftvwzwz3aqubwp4h3ioqiv7t4oid,phist,1.6.1,0,SUCCESS,Not Scheduled,h2yhftvwzwz3aqubwp4h3ioqiv7t4oid,rkzf5ykg5uu5tsa3eeedrxdnsqgqyipk,1,0,3600,/p/vast1/koparasy/BUILD/spack_cluster_installer/quartz/phist/specs/h2yhftvwzwz3aqubwp4h3ioqiv7t4oid.yaml,"['5ay64uvfayabsrle65lzic5bqzfzh6iy', 'jtoc4v5ltitlr4p23awk4itnuolfq3e3', 'ts6limkslso6zu72naiaolcpob6qc6zm']"
h4eyxkkkkzabe3jfiev3acet7l7mncyv,phist,1.9.5,0,SUCCESS,Not Scheduled,h4eyxkkkkzabe3jfiev3acet7l7mncyv,o5d7clr2efrcghcguxeuod2qscagnei4,1,0,3600,/p/vast1/koparasy/BUILD/spack_cluster_installer/quartz/phist/specs/h4eyxkkkkzabe3jfiev3acet7l7mncyv.yaml,"['z6wk4st2lbp7cjklrfnax3sffnk4xrn5', '3hqp53udoet3v7jym6kv3gzuwzpcwugf', 'e4gzs3dduvc65i56avfdbyvn4hervnp6', 't3vuev57mj7kw6ikd5bpm4vb6pl7mo2k']"
hf3q67gdbb4r43vdsutafj6jfyxuxbfz,phist,1.9.5,0,SUCCESS,Not Scheduled,hf3q67gdbb4r43vdsutafj6jfyxuxbfz,xfdpqigw3ivyk6af7pfpbaa6illvav6j,1,0,3600,/p/vast1/koparasy/BUILD/spack_cluster_installer/quartz/phist/specs/hf3q67gdbb4r43vdsutafj6jfyxuxbfz.yaml,"['fcmgle4uau2xzbnilxj4pifskp4aadrz', 'piol2hoakmpxu4jmihya3hfisbwwat7p', '5ylf25d2nuxwkiqv3j3qvzhrnqpxgs3v', 'yvlarfkbgcoxgh7c2h5uai4baw367knl']"
hgknxq52ohg2hefbuj3zomzdhr264ahi,phist,1.6.1,0,SUCCESS,Not Scheduled,hgknxq52ohg2hefbuj3zomzdhr264ahi,iqagrsj5cfbg223vdordlzmm7achmxrw,1,0,3600,/p/vast1/koparasy/BUILD/spack_cluster_installer/quartz/phist/specs/hgknxq52ohg2hefbuj3zomzdhr264ahi.yaml,"['tt6pxxmh2ebmry4a3an3zbvco4xg6yk6', '2zqkdidwe2i4bzfvelgopnzfjafnr55d', 'oymegvbkeubve4y2qwlvmdxfb4jrsjbt']"
hkm2wbihapzacfe7gkviq4dx6qzwpwev,phist,1.4.3,0,SUCCESS,Not Scheduled,hkm2wbihapzacfe7gkviq4dx6qzwpwev,krrcjqk3cn6377fvasve5htortrftj7f,1,0,3600,/p/vast1/koparasy/BUILD/spack_cluster_installer/quartz/phist/specs/hkm2wbihapzacfe7gkviq4dx6qzwpwev.yaml,"['eophddrl5cbpoknyiy4p57sl5eumnwdv', 'qwbv2zyqctkqajeab7bmhqgxipggtkxt', 'ntv6ad3f3cii5lhhbobjik4dw34tsi2y']"
hluluughlxa5bzvtlq746uxfgx2zulsy,phist,1.9.5,0,SUCCESS,Not Scheduled,hluluughlxa5bzvtlq746uxfgx2zulsy,r37a7dbok3324sja5ozz53dtv7bycqm5,1,0,3600,/p/vast1/koparasy/BUILD/spack_cluster_installer/quartz/phist/specs/hluluughlxa5bzvtlq746uxfgx2zulsy.yaml,"['37j4ggfds732gt5lhnfrbd23jqustt7q', 'nnaxyn37rpv4cdnsn6bdq3dwjpjprguk', '6wvvqp3me7kn52zisziksfnloukw3kbm', 's3efrdukpi3zcj4u5djgtmtokeux3nym']"
hmves55dyyyj34rb4vctcrxeha5vcze3,phist,1.7.3,0,SUCCESS,Not Scheduled,hmves55dyyyj34rb4vctcrxeha5vcze3,d4kybjxv4tf3thslk52vnian77uqcryh,1,0,3600,/p/vast1/koparasy/BUILD/spack_cluster_installer/quartz/phist/specs/hmves55dyyyj34rb4vctcrxeha5vcze3.yaml,"['4xadmhufpbmiqtukns5746hf4omjctp2', 'ts6limkslso6zu72naiaolcpob6qc6zm', 'jav4wqudjcg7dsjv2bfmiftfzddznkg3', 'xqsabk7k7xztrevnafvxwsfvriqbewbg']"
hraljljexdtatc3o3m4qastaafnkqeqs,phist,1.7.3,0,SUCCESS,Not Scheduled,hraljljexdtatc3o3m4qastaafnkqeqs,i7qlsmozhl62x2u3osigi5owgx2xs7bc,1,0,3600,/p/vast1/koparasy/BUILD/spack_cluster_installer/quartz/phist/specs/hraljljexdtatc3o3m4qastaafnkqeqs.yaml,"['jwapr6sywhb23krxvgfqt6qiyjh5hlfs', 'piol2hoakmpxu4jmihya3hfisbwwat7p', 'bwsf7zm23l7uo7jrlmauvq436puvvk2b', '2zzwified64bq55s3wtt6aq2hv4m7qp4']"
hrwxrcdf7uu6lrfxxgztbrv555a2xh4i,phist,1.9.4,0,SUCCESS,Not Scheduled,hrwxrcdf7uu6lrfxxgztbrv555a2xh4i,jzxygj55jgse3opaazxc23m5vrcguevo,1,0,3600,/p/vast1/koparasy/BUILD/spack_cluster_installer/quartz/phist/specs/hrwxrcdf7uu6lrfxxgztbrv555a2xh4i.yaml,"['urgd3icyegjxo43r37uelgc435b5gopu', 'oos6gwszelolzfanpnpghhdq6uco6yiq', 'a64dsl63tlgf6oo64trc62s3bqdef3rz', 'b75w2ndimydfamog66xssdh7w6oyuy6v']"
hvvlhfakjptj7enygqtwm2merz5wgmu5,phist,1.9.5,0,SUCCESS,Not Scheduled,hvvlhfakjptj7enygqtwm2merz5wgmu5,7no2rq6nlxcvcxzfpq6srmo2cvr5dyz2,1,0,3600,/p/vast1/koparasy/BUILD/spack_cluster_installer/quartz/phist/specs/hvvlhfakjptj7enygqtwm2merz5wgmu5.yaml,"['czx77cju2ztjwnioi3nu66xyv6pgohg6', 'oos6gwszelolzfanpnpghhdq6uco6yiq', '7f47oejpookmf3ecbjnazq76gfy6nuw6', 'ya3luux2r7itkznf5t6ppfy2dyij326h']"
hxzqsbuk3mwfnr3dz7xyon7byhwktlz7,phist,1.9.5,0,SUCCESS,Not Scheduled,hxzqsbuk3mwfnr3dz7xyon7byhwktlz7,27khe3jn4fi3mt6xwkpp6ucz2xir5iv2,1,0,3600,/p/vast1/koparasy/BUILD/spack_cluster_installer/quartz/phist/specs/hxzqsbuk3mwfnr3dz7xyon7byhwktlz7.yaml,"['czx77cju2ztjwnioi3nu66xyv6pgohg6', 'pgpzgajsqpbujo5on4zavxbked6nijyv', 'a64dsl63tlgf6oo64trc62s3bqdef3rz', 'blx5oevdamsygvihtxj347vgwhchodl4']"
i5snmv7qn7rah26rar6laigfavaivgp4,phist,1.9.3,0,SUCCESS,Not Scheduled,i5snmv7qn7rah26rar6laigfavaivgp4,pcayt7g5ftsgj2rrd6hjbdaiugbnsb3q,1,0,3600,/p/vast1/koparasy/BUILD/spack_cluster_installer/quartz/phist/specs/i5snmv7qn7rah26rar6laigfavaivgp4.yaml,"['gzmgmqmw5tnpoh4vkqnhiwd5j5hx4mvk', 'nnaxyn37rpv4cdnsn6bdq3dwjpjprguk', 'pixgaikfwcfvjoaxl6ttns5cnaygnlh7', '2uxateew5xr7kkhjcqvohhdsvfuugtti']"
i5uv5jj6o64t3e5cycfh2gn2j262evwj,phist,1.7.5,0,SUCCESS,Not Scheduled,i5uv5jj6o64t3e5cycfh2gn2j262evwj,zwx2xd6ohm5qt377jmnz3jhpsptks365,1,0,3600,/p/vast1/koparasy/BUILD/spack_cluster_installer/quartz/phist/specs/i5uv5jj6o64t3e5cycfh2gn2j262evwj.yaml,"['6luac5333elbdpucon23uguqkqpiljvv', 'zoitcwm3mmoqi6lpjxnayztrwu6in5br', 'jav4wqudjcg7dsjv2bfmiftfzddznkg3', 'ke7dkzbq42656sbgiprltmhgy7i4iwuq']"
i7spmey52i2tikat6cp6zostgnlhbykv,phist,1.7.5,0,SUCCESS,Not Scheduled,i7spmey52i2tikat6cp6zostgnlhbykv,mtgptlvxwes3mvtmvdnrsg6ouh6bjw45,1,0,3600,/p/vast1/koparasy/BUILD/spack_cluster_installer/quartz/phist/specs/i7spmey52i2tikat6cp6zostgnlhbykv.yaml,"['z6wk4st2lbp7cjklrfnax3sffnk4xrn5', 'o67hxbh52k63nf4og7xilfcc2gsfhrcl', 'wpbb2equvn6ocffiaiolh3qhiv3ozuik', '3by54whjdyxfeiyw5xwwdufdnh5rsuil']"
ib7eypft2isvqyrsiiwfqv6poexv3hnr,phist,1.7.3,0,SUCCESS,Not Scheduled,ib7eypft2isvqyrsiiwfqv6poexv3hnr,lsryzeqj6abhtdvjgecz5lpnemqp7dj4,1,0,3600,/p/vast1/koparasy/BUILD/spack_cluster_installer/quartz/phist/specs/ib7eypft2isvqyrsiiwfqv6poexv3hnr.yaml,"['lbpam6wrjq2wvbwursykmvrhgofchnek', 'sm7tvonxqb65nc4huwkpqd2on2fqtiug', 'oymegvbkeubve4y2qwlvmdxfb4jrsjbt', 'bufv2ttl66wolia64nt6wh2xanandsiy']"
idy4wgvivfv2fbunv63c5ysyjm7i7ywv,phist,1.9.5,0,SUCCESS,Not Scheduled,idy4wgvivfv2fbunv63c5ysyjm7i7ywv,occny3vwzua2xswjysk6wzpt6esdm7n7,1,0,3600,/p/vast1/koparasy/BUILD/spack_cluster_installer/quartz/phist/specs/idy4wgvivfv2fbunv63c5ysyjm7i7ywv.yaml,"['jpy7uqhzyetpybizm2offd2ayhytn7ui', 'ygypy7hrlpr573l7usybknjq66a334ai', 'qfqhgzmtl2zvjx4z4em22nxgmvxv6fuz', 'dfk4u6fckjgzslvnqyhyez352nvhgr7z']"
igjwgo2vk4neuq46b5vwvkysrxrufyxt,phist,1.9.3,0,SUCCESS,Not Scheduled,igjwgo2vk4neuq46b5vwvkysrxrufyxt,xn5hajl5op6wuizeans4tgnmkxoq2qao,1,0,3600,/p/vast1/koparasy/BUILD/spack_cluster_installer/quartz/phist/specs/igjwgo2vk4neuq46b5vwvkysrxrufyxt.yaml,"['eophddrl5cbpoknyiy4p57sl5eumnwdv', 'qao2iw6bdjj5a6bwmda4f7xqf6lhvu2z', '5ylf25d2nuxwkiqv3j3qvzhrnqpxgs3v', 'ccgudhcksxjs5pdmyedd7wojx47w7uih']"
ii4yhdam44d2iypnbeufx6cl4x63la43,phist,1.7.4,0,SUCCESS,Not Scheduled,ii4yhdam44d2iypnbeufx6cl4x63la43,bgx2qwslnt2itdflsfzdeywpvif74mam,1,0,3600,/p/vast1/koparasy/BUILD/spack_cluster_installer/quartz/phist/specs/ii4yhdam44d2iypnbeufx6cl4x63la43.yaml,"['6xd2dipbxw2sp6guc6zmzfuidzk6c3tu', 'sm7tvonxqb65nc4huwkpqd2on2fqtiug', 'qbx2cckwws5nn4kmmg5u7wdg6up44gul', 'koj2dodmvhtshbuxgh3d56nxiad4hsg6']"
iptoaoj5ac46xrnuyarisq2f4xb444tr,phist,1.9.0,0,SUCCESS,Not Scheduled,iptoaoj5ac46xrnuyarisq2f4xb444tr,ch232sdkq3emsjeux2o4nxh3bsw6a6gj,1,0,3600,/p/vast1/koparasy/BUILD/spack_cluster_installer/quartz/phist/specs/iptoaoj5ac46xrnuyarisq2f4xb444tr.yaml,"['n2mvrjqr6ezsiyutrju65z33b6qqqg6u', 'nnaxyn37rpv4cdnsn6bdq3dwjpjprguk', '4vl3lfy7q3ccacbramfkhlnoso3zjez6', 'yvlarfkbgcoxgh7c2h5uai4baw367knl']"
iq2apr4is74vnf6udva2bhwr7vleilbl,phist,1.9.5,0,SUCCESS,Not Scheduled,iq2apr4is74vnf6udva2bhwr7vleilbl,67nluqohz73annkyratbp4odno6ieub4,1,0,3600,/p/vast1/koparasy/BUILD/spack_cluster_installer/quartz/phist/specs/iq2apr4is74vnf6udva2bhwr7vleilbl.yaml,"['elupkehd3uhq54xgxarsfic77hkj5373', '4nzq2eqvti2hifnqlkafgwvgpenqaale', 'bwsf7zm23l7uo7jrlmauvq436puvvk2b', 'qdh3aj7hhwaq7sieqvhhx3l6ng42yh4z']"
iuz5ifw62w5pkmqj2pleiqmzobjbsuib,phist,1.7.3,0,SUCCESS,Not Scheduled,iuz5ifw62w5pkmqj2pleiqmzobjbsuib,t26vijeddtkmv5zn5z77lujewqs5w6v5,1,0,3600,/p/vast1/koparasy/BUILD/spack_cluster_installer/quartz/phist/specs/iuz5ifw62w5pkmqj2pleiqmzobjbsuib.yaml,"['eophddrl5cbpoknyiy4p57sl5eumnwdv', 'ka2pz5fkmjzkkug7wm6atkw36ius5xrc', 'e4gzs3dduvc65i56avfdbyvn4hervnp6']"
iw2ljad4t63yrexl24xne3mf2s5h3qgx,phist,1.9.0,0,SUCCESS,Not Scheduled,iw2ljad4t63yrexl24xne3mf2s5h3qgx,gvalcncfkh6bekgyossj53gvusesjukq,1,0,3600,/p/vast1/koparasy/BUILD/spack_cluster_installer/quartz/phist/specs/iw2ljad4t63yrexl24xne3mf2s5h3qgx.yaml,"['kdnl3rlh2xgikkgby3xpomo5q2y3kfev', 'wpbb2equvn6ocffiaiolh3qhiv3ozuik', 'jav4wqudjcg7dsjv2bfmiftfzddznkg3', 'xre56drzhh5zil5vye3vyfqgiytsuleu']"
izvtoeclgy2e6se7o3elhqwghr7qufri,phist,1.9.4,0,SUCCESS,Not Scheduled,izvtoeclgy2e6se7o3elhqwghr7qufri,xpcsar3kfbeyay6cyg67mq4jbzik7epy,1,0,3600,/p/vast1/koparasy/BUILD/spack_cluster_installer/quartz/phist/specs/izvtoeclgy2e6se7o3elhqwghr7qufri.yaml,"['3unaychwi57t4y7k6iytrw2ou6jtkamk', '4nzq2eqvti2hifnqlkafgwvgpenqaale', '6wvvqp3me7kn52zisziksfnloukw3kbm', 'wjc7orimcqq27lcahykhstl5xk6f4oyo']"
j5s2fbv22n4vsst3lu3gigvifyk3nuiw,phist,1.9.0,0,SUCCESS,Not Scheduled,j5s2fbv22n4vsst3lu3gigvifyk3nuiw,notlkb6cnziovcvzppuobn57lj6jr6u4,1,0,3600,/p/vast1/koparasy/BUILD/spack_cluster_installer/quartz/phist/specs/j5s2fbv22n4vsst3lu3gigvifyk3nuiw.yaml,"['eqjwss2dh4qzumpe65az7z6g2cq6cnpt', 'pgpzgajsqpbujo5on4zavxbked6nijyv', 'qfqhgzmtl2zvjx4z4em22nxgmvxv6fuz', 'qq6s6upvciqxpd6uym2kocar23swkzkr']"
jdsndfrvjxc5nkcavvdvbswo4owrrwpp,phist,1.9.5,0,SUCCESS,Not Scheduled,jdsndfrvjxc5nkcavvdvbswo4owrrwpp,w3u7cz5jp35awsrzhnp3hq7ng65irj3e,1,0,3600,/p/vast1/koparasy/BUILD/spack_cluster_installer/quartz/phist/specs/jdsndfrvjxc5nkcavvdvbswo4owrrwpp.yaml,"['lleeoexgamf2bh5a3ifujra4cvhuq4f6', '4nzq2eqvti2hifnqlkafgwvgpenqaale', '7f47oejpookmf3ecbjnazq76gfy6nuw6', 'swh4d2xlg77mo2faldfmgaemxqcqqfpx']"
jjjjx7ndqpcmqlyb7ygjy3wjne23yqck,phist,1.7.4,0,SUCCESS,Not Scheduled,jjjjx7ndqpcmqlyb7ygjy3wjne23yqck,lfjzf7zckyqoxqubhsmiuj44gvrxk46v,1,0,3600,/p/vast1/koparasy/BUILD/spack_cluster_installer/quartz/phist/specs/jjjjx7ndqpcmqlyb7ygjy3wjne23yqck.yaml,"['eqjwss2dh4qzumpe65az7z6g2cq6cnpt', 'pgpzgajsqpbujo5on4zavxbked6nijyv', '7f47oejpookmf3ecbjnazq76gfy6nuw6', 'mlyzbno5wk5o3z3lvnkxxenmfoomwmxg']"
jnlggmxbuhbvfkigamzli4lzs7faphip,phist,1.7.2,0,SUCCESS,Not Scheduled,jnlggmxbuhbvfkigamzli4lzs7faphip,pbozvfk3gkmdltftymamdgmu6qi4wzql,1,0,3600,/p/vast1/koparasy/BUILD/spack_cluster_installer/quartz/phist/specs/jnlggmxbuhbvfkigamzli4lzs7faphip.yaml,"['oyxo4cjuqp4agyztxxisuwva3l2rru4f', '3hqp53udoet3v7jym6kv3gzuwzpcwugf', 'va7ravkis2whh76yrjrhlbya42juvaz2', 'koj2dodmvhtshbuxgh3d56nxiad4hsg6']"
jomyug7lpefsd5zb3w4frdbwlame47s4,phist,1.7.4,0,SUCCESS,Not Scheduled,jomyug7lpefsd5zb3w4frdbwlame47s4,dn7btfdm44ub7kibel3umyakk2dolj6u,1,0,3600,/p/vast1/koparasy/BUILD/spack_cluster_installer/quartz/phist/specs/jomyug7lpefsd5zb3w4frdbwlame47s4.yaml,"['oyxo4cjuqp4agyztxxisuwva3l2rru4f', '4nzq2eqvti2hifnqlkafgwvgpenqaale', 'a64dsl63tlgf6oo64trc62s3bqdef3rz', 't3vuev57mj7kw6ikd5bpm4vb6pl7mo2k']"
jpbrgmhp2t37wwk2os3j2fkc4akf75u6,phist,1.7.3,0,SUCCESS,Not Scheduled,jpbrgmhp2t37wwk2os3j2fkc4akf75u6,vwgeoytpndpuhlqmu33cjgzze4uwerdd,1,0,3600,/p/vast1/koparasy/BUILD/spack_cluster_installer/quartz/phist/specs/jpbrgmhp2t37wwk2os3j2fkc4akf75u6.yaml,"['v5fkij426oajch4eai6vffgkd3efp4wy', 'jsl7r5mwlzon5hijlxtp4kxv2h6khsww', 'pixgaikfwcfvjoaxl6ttns5cnaygnlh7', '4yvnccgrs5ztzvogkmik6vttarj7dxvi']"
jqpzv2zaudzfrm7con46ltr25csmzwyv,phist,1.9.4,0,SUCCESS,Not Scheduled,jqpzv2zaudzfrm7con46ltr25csmzwyv,nklcbkzssdsuscgdjz3igp3alz6wapnv,1,0,3600,/p/vast1/koparasy/BUILD/spack_cluster_installer/quartz/phist/specs/jqpzv2zaudzfrm7con46ltr25csmzwyv.yaml,"['s7dakpotlx4eu4ctugpgnwnjg4nagq6w', 'nnaxyn37rpv4cdnsn6bdq3dwjpjprguk', 'e4gzs3dduvc65i56avfdbyvn4hervnp6', 'rheabbmfxshe7nf5x6yfcaombbh47rv6']"
jscnqwistegbqq5aa3hcmnbisha7joio,phist,1.4.3,0,SUCCESS,Not Scheduled,jscnqwistegbqq5aa3hcmnbisha7joio,dmpbe44o6c3n2uuh6mi3u7ngkrvcnxwe,1,0,3600,/p/vast1/koparasy/BUILD/spack_cluster_installer/quartz/phist/specs/jscnqwistegbqq5aa3hcmnbisha7joio.yaml,"['5urpxdoddlip3fxtfh32duj2dyjb5yqc', 'h2s4i3crpfqke5wklvanohjdy4lzqvg6', 'ackaa2l4svlmygwwfnzddif7yk6vmngp']"
jt7gc3lwsqmdv7qq5ondeog73fqna35w,phist,1.9.2,0,SUCCESS,Not Scheduled,jt7gc3lwsqmdv7qq5ondeog73fqna35w,pjbeyrvqnyddp3k36hwdm6gscdizyhjc,1,0,3600,/p/vast1/koparasy/BUILD/spack_cluster_installer/quartz/phist/specs/jt7gc3lwsqmdv7qq5ondeog73fqna35w.yaml,"['6xd2dipbxw2sp6guc6zmzfuidzk6c3tu', 'unrvf6ehypzcbivpfz3d3a6wwj7ab4bi', 'ackaa2l4svlmygwwfnzddif7yk6vmngp', '3o76m4utiyrsvuxwx2ytcv7sd3g35si6']"
ju6xwagdzjwdshfuznklrft5tegat4n4,phist,1.9.4,0,SUCCESS,Not Scheduled,ju6xwagdzjwdshfuznklrft5tegat4n4,bc2oxqv7fjnc4jt5z5ruzwwfcwt2vnzp,1,0,3600,/p/vast1/koparasy/BUILD/spack_cluster_installer/quartz/phist/specs/ju6xwagdzjwdshfuznklrft5tegat4n4.yaml,"['2fvwcsqfxv6trc3ucje34ywir3ep2ebm', 'oos6gwszelolzfanpnpghhdq6uco6yiq', 'ntv6ad3f3cii5lhhbobjik4dw34tsi2y', 'ya3luux2r7itkznf5t6ppfy2dyij326h']"
k6uebwffz44vq4wue77xro52lswy47g3,phist,1.7.2,0,SUCCESS,Not Scheduled,k6uebwffz44vq4wue77xro52lswy47g3,hysjtzdi56yzrojtvdpfuo2tvr7vobmy,1,0,3600,/p/vast1/koparasy/BUILD/spack_cluster_installer/quartz/phist/specs/k6uebwffz44vq4wue77xro52lswy47g3.yaml,"['uyabpizxmcmo5i237ce7p6jqziuwdtnp', 'qao2iw6bdjj5a6bwmda4f7xqf6lhvu2z', 'zoitcwm3mmoqi6lpjxnayztrwu6in5br', 'mddp7kece3bbmer4r5wtjbsdvha2ewrp']"
kekga4fe4ylqueiv7ximsjdr2blu5me6,phist,1.7.5,0,SUCCESS,Not Scheduled,kekga4fe4ylqueiv7ximsjdr2blu5me6,q3oljwnrafr675cbz4k3zwe6jaspdafv,1,0,3600,/p/vast1/koparasy/BUILD/spack_cluster_installer/quartz/phist/specs/kekga4fe4ylqueiv7ximsjdr2blu5me6.yaml,"['lymfavcob5jbzuimhvhjjs2uxi2ihyn2', 'o67hxbh52k63nf4og7xilfcc2gsfhrcl', 'ntv6ad3f3cii5lhhbobjik4dw34tsi2y', 'ya3luux2r7itkznf5t6ppfy2dyij326h']"
kglist3khb52q6emdoumpwjmaxfi7wr2,phist,1.9.2,0,SUCCESS,Not Scheduled,kglist3khb52q6emdoumpwjmaxfi7wr2,scl5nymupccsllv4foxnyasqppjb4q56,1,0,3600,/p/vast1/koparasy/BUILD/spack_cluster_installer/quartz/phist/specs/kglist3khb52q6emdoumpwjmaxfi7wr2.yaml,"['cc2pjls542mbtszq2c3nsfsgbvpc5vly', 'piol2hoakmpxu4jmihya3hfisbwwat7p', 'a64dsl63tlgf6oo64trc62s3bqdef3rz', 'hwqqsa7fn56hlxqsfske22y4qm5cwmpt']"
kks5r2cyzondirwyhylnnkzc6xgunqmu,phist,1.9.5,0,SUCCESS,Not Scheduled,kks5r2cyzondirwyhylnnkzc6xgunqmu,z5eofi76jwsioieiag73amwpz7yk26ga,1,0,3600,/p/vast1/koparasy/BUILD/spack_cluster_installer/quartz/phist/specs/kks5r2cyzondirwyhylnnkzc6xgunqmu.yaml,"['tt6pxxmh2ebmry4a3an3zbvco4xg6yk6', 'jsl7r5mwlzon5hijlxtp4kxv2h6khsww', 'bwsf7zm23l7uo7jrlmauvq436puvvk2b', 'rheabbmfxshe7nf5x6yfcaombbh47rv6']"
ksse73paxeqzg66bxok6jx3fipucis4e,phist,1.9.5,0,SUCCESS,Not Scheduled,ksse73paxeqzg66bxok6jx3fipucis4e,emyzlhmtkedt7n4txqsl4ns7we42mnj6,1,0,3600,/p/vast1/koparasy/BUILD/spack_cluster_installer/quartz/phist/specs/ksse73paxeqzg66bxok6jx3fipucis4e.yaml,"['f6pmtbfpfyjszbukxpsma5wq3rgi3joh', 'qao2iw6bdjj5a6bwmda4f7xqf6lhvu2z', 'pixgaikfwcfvjoaxl6ttns5cnaygnlh7', 'qdh3aj7hhwaq7sieqvhhx3l6ng42yh4z']"
ktncvtobws6fhcajsslp5yvs7mlsbpvk,phist,1.4.3,0,SUCCESS,Not Scheduled,ktncvtobws6fhcajsslp5yvs7mlsbpvk,4wpwswsdiyaiejcuukra4lmq7nde4j4d,1,0,3600,/p/vast1/koparasy/BUILD/spack_cluster_installer/quartz/phist/specs/ktncvtobws6fhcajsslp5yvs7mlsbpvk.yaml,"['v5fkij426oajch4eai6vffgkd3efp4wy', '6zgc3iknqm5cne46s7hwg24mq3ypl5dd', '5ylf25d2nuxwkiqv3j3qvzhrnqpxgs3v']"
kulmqzslkfng73ezkieif2htns6zltnh,phist,1.7.5,0,SUCCESS,Not Scheduled,kulmqzslkfng73ezkieif2htns6zltnh,pghpe53ioz4mzydaxzkjolbivbuylqyz,1,0,3600,/p/vast1/koparasy/BUILD/spack_cluster_installer/quartz/phist/specs/kulmqzslkfng73ezkieif2htns6zltnh.yaml,"['uyabpizxmcmo5i237ce7p6jqziuwdtnp', 'o67hxbh52k63nf4og7xilfcc2gsfhrcl', '6wvvqp3me7kn52zisziksfnloukw3kbm', 'mtkvtrd5gwojttkg3ouj4tqssfi53hzi']"
l23b3pqdvihmvjuwnu7npc6pc4byzqin,phist,1.9.1,0,SUCCESS,Not Scheduled,l23b3pqdvihmvjuwnu7npc6pc4byzqin,fcaxrbti22f5cbe7jurqq7s3fqimeeue,1,0,3600,/p/vast1/koparasy/BUILD/spack_cluster_installer/quartz/phist/specs/l23b3pqdvihmvjuwnu7npc6pc4byzqin.yaml,"['wsqt35zdzh6tfz2i3dnek277xcvujbut', 'rq6s2a5f726vcpa4lrpyipn6q2phmqvt', 'oymegvbkeubve4y2qwlvmdxfb4jrsjbt', 'hwqqsa7fn56hlxqsfske22y4qm5cwmpt']"
l4lwenli7hangecs4z6qrxlgntr2hs44,phist,1.7.2,0,SUCCESS,Not Scheduled,l4lwenli7hangecs4z6qrxlgntr2hs44,mml7awxwnga77utagu7ilarac63eqix2,1,0,3600,/p/vast1/koparasy/BUILD/spack_cluster_installer/quartz/phist/specs/l4lwenli7hangecs4z6qrxlgntr2hs44.yaml,"['nu7hl4exprhcdxak2ys6m32uvd46jjzb', 'unrvf6ehypzcbivpfz3d3a6wwj7ab4bi', 'a64dsl63tlgf6oo64trc62s3bqdef3rz', 'tplijrs537vjfccugvmga6xfmpkb226a']"
lbis65w62pbgcivkeecfyyn4ug6pe3mn,phist,1.7.4,0,SUCCESS,Not Scheduled,lbis65w62pbgcivkeecfyyn4ug6pe3mn,3ewu2wm7b62xx5mcjyl5xaqzh4nxpbbn,1,0,3600,/p/vast1/koparasy/BUILD/spack_cluster_installer/quartz/phist/specs/lbis65w62pbgcivkeecfyyn4ug6pe3mn.yaml,"['lbpam6wrjq2wvbwursykmvrhgofchnek', 'qao2iw6bdjj5a6bwmda4f7xqf6lhvu2z', '5ylf25d2nuxwkiqv3j3qvzhrnqpxgs3v', '3hnfmmobqutp32nehbki364rmk5d2ozk']"
lda7cksqsz7nkbp3s5apmlwguo2fjk2s,phist,1.9.0,0,SUCCESS,Not Scheduled,lda7cksqsz7nkbp3s5apmlwguo2fjk2s,2bmipbkn2euarqbk4p46pnq65apvzisw,1,0,3600,/p/vast1/koparasy/BUILD/spack_cluster_installer/quartz/phist/specs/lda7cksqsz7nkbp3s5apmlwguo2fjk2s.yaml,"['t67x44ity5fi57yohgr5r7g7afhv4q6f', '3hqp53udoet3v7jym6kv3gzuwzpcwugf', 'ackaa2l4svlmygwwfnzddif7yk6vmngp', '76t4pn4dtwjfg3vxsneywrteye7o3o2u']"
le3mgxvhffd2bjys267oj7yeovsxpy52,phist,1.8.0,0,SUCCESS,Not Scheduled,le3mgxvhffd2bjys267oj7yeovsxpy52,3kelb67smdke54jx4vhusd6vczsgzjci,1,0,3600,/p/vast1/koparasy/BUILD/spack_cluster_installer/quartz/phist/specs/le3mgxvhffd2bjys267oj7yeovsxpy52.yaml,"['nu7hl4exprhcdxak2ys6m32uvd46jjzb', 'qao2iw6bdjj5a6bwmda4f7xqf6lhvu2z', 'enmph22kij4dkoywh774utctv74v22o2', 'g53g2cc3hgjbfeqznw3cfkccbz4wv2oo']"
ljsyoqf6o4krlyfmfbwdkddylryh6cuw,phist,1.7.2,0,SUCCESS,Not Scheduled,ljsyoqf6o4krlyfmfbwdkddylryh6cuw,ptdqhmmo2ziccro5ftrfhnpema7ndy3z,1,0,3600,/p/vast1/koparasy/BUILD/spack_cluster_installer/quartz/phist/specs/ljsyoqf6o4krlyfmfbwdkddylryh6cuw.yaml,"['deaxaf6gwrzvydgbpzrir7j6tfzfn4ee', 'nnaxyn37rpv4cdnsn6bdq3dwjpjprguk', '6wvvqp3me7kn52zisziksfnloukw3kbm', 'do5qxxyqs5zd3pl6fspym22uck3tgfhv']"
lpapsbhnydko5sddaz3vpgasq7plls7i,phist,1.9.5,0,SUCCESS,Not Scheduled,lpapsbhnydko5sddaz3vpgasq7plls7i,bfgmw5zgi6co4idj3unmaoq24ymv6suy,1,0,3600,/p/vast1/koparasy/BUILD/spack_cluster_installer/quartz/phist/specs/lpapsbhnydko5sddaz3vpgasq7plls7i.yaml,"['xpc5vskg2gaff732g22r6m5mzxrvtlcd', 'ygypy7hrlpr573l7usybknjq66a334ai', 'enmph22kij4dkoywh774utctv74v22o2', 'koj2dodmvhtshbuxgh3d56nxiad4hsg6']"
lphmln656nztms2fwl5dfua4p4nthmxd,phist,1.9.5,0,SUCCESS,Not Scheduled,lphmln656nztms2fwl5dfua4p4nthmxd,b4gqp7x2s7w7qbsy2oima2c2iya3sic6,1,0,3600,/p/vast1/koparasy/BUILD/spack_cluster_installer/quartz/phist/specs/lphmln656nztms2fwl5dfua4p4nthmxd.yaml,"['332tygc22qycht4oybbwqpo5pmvkpx7h', '3hqp53udoet3v7jym6kv3gzuwzpcwugf', 'zoitcwm3mmoqi6lpjxnayztrwu6in5br', 't3vuev57mj7kw6ikd5bpm4vb6pl7mo2k']"
ltqtmqgw3ccnvp54bfi2j5vlums7k5vl,phist,1.7.5,0,SUCCESS,Not Scheduled,ltqtmqgw3ccnvp54bfi2j5vlums7k5vl,sipdexpa3mcccgylnwoi3ensclyolo3z,1,0,3600,/p/vast1/koparasy/BUILD/spack_cluster_installer/quartz/phist/specs/ltqtmqgw3ccnvp54bfi2j5vlums7k5vl.yaml,"['rncjcs6ssfs4mcdgr7icux7g44ao6dmt', 'nnaxyn37rpv4cdnsn6bdq3dwjpjprguk', 'zoitcwm3mmoqi6lpjxnayztrwu6in5br', 'wjc7orimcqq27lcahykhstl5xk6f4oyo']"
lutswxsnhtgrrzig5navlbpdx5ubjj3q,phist,1.8.0,0,SUCCESS,Not Scheduled,lutswxsnhtgrrzig5navlbpdx5ubjj3q,msfsd2t3rplpwcw7yj2mpg5hpve6nesi,1,0,3600,/p/vast1/koparasy/BUILD/spack_cluster_installer/quartz/phist/specs/lutswxsnhtgrrzig5navlbpdx5ubjj3q.yaml,"['b72qqg2ac3qxc2itl272eqagvor2eccu', 'ygypy7hrlpr573l7usybknjq66a334ai', 'oymegvbkeubve4y2qwlvmdxfb4jrsjbt', 'gujsava7zuyyftjn6plt3d2ihmn5atuv']"
lz52q2qfghmjviryxu4bey7uz36uexdb,phist,1.7.2,0,SUCCESS,Not Scheduled,lz52q2qfghmjviryxu4bey7uz36uexdb,nqn23ib5zqmmkvoizmzbcdsgmkowxqzx,1,0,3600,/p/vast1/koparasy/BUILD/spack_cluster_installer/quartz/phist/specs/lz52q2qfghmjviryxu4bey7uz36uexdb.yaml,"['v5fkij426oajch4eai6vffgkd3efp4wy', 'lrouz6fqqhd4ruqc56tmsxswjm5vacj3', 'wpbb2equvn6ocffiaiolh3qhiv3ozuik', 'ya3luux2r7itkznf5t6ppfy2dyij326h']"
mlcnob2bwgahigqwdpcrbsqnqw55mjdy,phist,1.7.3,0,SUCCESS,Not Scheduled,mlcnob2bwgahigqwdpcrbsqnqw55mjdy,evvp3wmn4kzgf3ptq6h23dimcfsictne,1,0,3600,/p/vast1/koparasy/BUILD/spack_cluster_installer/quartz/phist/specs/mlcnob2bwgahigqwdpcrbsqnqw55mjdy.yaml,"['lzivlklhrrdzq5yy4ufp5pdcnpeouy57', 'vxkzgcv5adhwuelqd2wiudo426g2tno4', 'qfqhgzmtl2zvjx4z4em22nxgmvxv6fuz', 'yvlarfkbgcoxgh7c2h5uai4baw367knl']"
mnw547kp3dolzxs5gcfmmtbu7uikqmsj,phist,1.9.4,0,SUCCESS,Not Scheduled,mnw547kp3dolzxs5gcfmmtbu7uikqmsj,smv6fvbfahkqx5vclypr7igkyhs4us7v,1,0,3600,/p/vast1/koparasy/BUILD/spack_cluster_installer/quartz/phist/specs/mnw547kp3dolzxs5gcfmmtbu7uikqmsj.yaml,"['olj6q45onykyeor4zfudy6pqhvaa5ezn', 'g43z7u6ig7hbjsnp2nez5qslkwgadp42', 'ntv6ad3f3cii5lhhbobjik4dw34tsi2y']"
mtsh6onxyg2d2e4avuhiceg7emul47ru,phist,1.7.4,0,SUCCESS,Not Scheduled,mtsh6onxyg2d2e4avuhiceg7emul47ru,bku4cfpakxedynqsx5kklxoc6746c7th,1,0,3600,/p/vast1/koparasy/BUILD/spack_cluster_installer/quartz/phist/specs/mtsh6onxyg2d2e4avuhiceg7emul47ru.yaml,"['k73wib26wtzh4k5dpofvkb2adrrfwcpx', 'nu7rve24orrsc2ievlfwnal4zmdm3kq6', 'jav4wqudjcg7dsjv2bfmiftfzddznkg3', 'hwqqsa7fn56hlxqsfske22y4qm5cwmpt']"
mysurkxnmgchud5eniirpr6hqpzo35dq,phist,1.9.5,0,SUCCESS,Not Scheduled,mysurkxnmgchud5eniirpr6hqpzo35dq,ykjts7rkdpreb27fyvk56rau7pdvasus,1,0,3600,/p/vast1/koparasy/BUILD/spack_cluster_installer/quartz/phist/specs/mysurkxnmgchud5eniirpr6hqpzo35dq.yaml,"['2polunnjoafbfmvqxcikvj4x7zuqxc5u', 'piol2hoakmpxu4jmihya3hfisbwwat7p', 'pixgaikfwcfvjoaxl6ttns5cnaygnlh7', 'b75w2ndimydfamog66xssdh7w6oyuy6v']"
mzu247a2nn43zmnlvhlyyykv7pcin7ze,phist,1.4.3,0,SUCCESS,Not Scheduled,mzu247a2nn43zmnlvhlyyykv7pcin7ze,bvxg2lse6n4uffhi4w3f2gosdn3w7kw4,1,0,3600,/p/vast1/koparasy/BUILD/spack_cluster_installer/quartz/phist/specs/mzu247a2nn43zmnlvhlyyykv7pcin7ze.yaml,"['cuebroshbqpxsgzmzqi3sh4tgfsauzhh', '3kjqmplquq5fymwsew6juzpxqz5movci', 'ntv6ad3f3cii5lhhbobjik4dw34tsi2y']"
n6ze53pogjx7im66brmmvdffiopdhtl3,phist,1.9.2,0,SUCCESS,Not Scheduled,n6ze53pogjx7im66brmmvdffiopdhtl3,jtjdq7ldvjaotrhyxv3x73p44ca24ffb,1,0,3600,/p/vast1/koparasy/BUILD/spack_cluster_installer/quartz/phist/specs/n6ze53pogjx7im66brmmvdffiopdhtl3.yaml,"['k73wib26wtzh4k5dpofvkb2adrrfwcpx', 'piol2hoakmpxu4jmihya3hfisbwwat7p', 'oymegvbkeubve4y2qwlvmdxfb4jrsjbt', 'bufv2ttl66wolia64nt6wh2xanandsiy']"
nbf7spffsalbhjyjrtblbklb62l5ct65,phist,1.9.0,0,SUCCESS,Not Scheduled,nbf7spffsalbhjyjrtblbklb62l5ct65,u6zmporzuqjaot3xzaenyx6tnqkjwbof,1,0,3600,/p/vast1/koparasy/BUILD/spack_cluster_installer/quartz/phist/specs/nbf7spffsalbhjyjrtblbklb62l5ct65.yaml,"['wsqt35zdzh6tfz2i3dnek277xcvujbut', 'qao2iw6bdjj5a6bwmda4f7xqf6lhvu2z', '32y6nyxbq7wijkurfzyrvorzfpc2mpmk', 'i3q3bj3klzfi76vhgjp6eqlwtnmyhtkn']"
nborjheg2jqyfzmek4aiijjasd2u6osb,phist,1.9.0,0,SUCCESS,Not Scheduled,nborjheg2jqyfzmek4aiijjasd2u6osb,jumimb2jdssp4bdptzgao3mu5vinnth2,1,0,3600,/p/vast1/koparasy/BUILD/spack_cluster_installer/quartz/phist/specs/nborjheg2jqyfzmek4aiijjasd2u6osb.yaml,"['xoh5dfpj74wuz7vfwubmoobpfekx2xwp', 'unrvf6ehypzcbivpfz3d3a6wwj7ab4bi', 'f2l264vwrw6uo3cfva3fvligiighc7cd', 'oosigim5cozkcrj2ycodn7lm2qjzritt']"
nef4kddbpxrbtpusxkzlutprvl6qwjkr,phist,1.9.4,0,SUCCESS,Not Scheduled,nef4kddbpxrbtpusxkzlutprvl6qwjkr,3g6w54wvqvfko2xuf5xqyqpqjznvql6p,1,0,3600,/p/vast1/koparasy/BUILD/spack_cluster_installer/quartz/phist/specs/nef4kddbpxrbtpusxkzlutprvl6qwjkr.yaml,"['uoz23qgqo4qbj4qtjk6cqsxnmgziek3f', 'jsl7r5mwlzon5hijlxtp4kxv2h6khsww', '5ylf25d2nuxwkiqv3j3qvzhrnqpxgs3v', 'xre56drzhh5zil5vye3vyfqgiytsuleu']"
nf5e4xa6d2pbz5ujts5a6ygchtvdsvbg,phist,1.7.2,0,SUCCESS,Not Scheduled,nf5e4xa6d2pbz5ujts5a6ygchtvdsvbg,4yno2jtffarcbfu5yfj55ueo3ggti4al,1,0,3600,/p/vast1/koparasy/BUILD/spack_cluster_installer/quartz/phist/specs/nf5e4xa6d2pbz5ujts5a6ygchtvdsvbg.yaml,"['332tygc22qycht4oybbwqpo5pmvkpx7h', 'jau6hsxfhgwadv7h3uvxb6gkrgrzocr4', 'uerfhf2dxzfeeq34cz7oumw6f2nye7kf', 's3efrdukpi3zcj4u5djgtmtokeux3nym']"
ngqmihf6nbv5mwl24eb73yi3ipgth37r,phist,1.9.4,0,SUCCESS,Not Scheduled,ngqmihf6nbv5mwl24eb73yi3ipgth37r,rtkr2kx2qixsfwnxjbx6tmmyfwxlzuzf,1,0,3600,/p/vast1/koparasy/BUILD/spack_cluster_installer/quartz/phist/specs/ngqmihf6nbv5mwl24eb73yi3ipgth37r.yaml,"['urgd3icyegjxo43r37uelgc435b5gopu', 'piol2hoakmpxu4jmihya3hfisbwwat7p', 'ackaa2l4svlmygwwfnzddif7yk6vmngp', 'blx5oevdamsygvihtxj347vgwhchodl4']"
nhngkhf26vfa7nyuxrloulknmtxqpjf7,phist,1.9.0,0,SUCCESS,Not Scheduled,nhngkhf26vfa7nyuxrloulknmtxqpjf7,lieeccop5fng2g2hxsimlj3dlywq47zo,1,0,3600,/p/vast1/koparasy/BUILD/spack_cluster_installer/quartz/phist/specs/nhngkhf26vfa7nyuxrloulknmtxqpjf7.yaml,"['n2mvrjqr6ezsiyutrju65z33b6qqqg6u', 'qao2iw6bdjj5a6bwmda4f7xqf6lhvu2z', 'nu7rve24orrsc2ievlfwnal4zmdm3kq6', 'rheabbmfxshe7nf5x6yfcaombbh47rv6']"
nj5r5mb7lvzzmonl4fzcy4fjb6q242uu,phist,1.9.1,0,SUCCESS,Not Scheduled,nj5r5mb7lvzzmonl4fzcy4fjb6q242uu,uwuhhynuscdw7feyhpioytohaov46opw,1,0,3600,/p/vast1/koparasy/BUILD/spack_cluster_installer/quartz/phist/specs/nj5r5mb7lvzzmonl4fzcy4fjb6q242uu.yaml,"['nu7hl4exprhcdxak2ys6m32uvd46jjzb', 'pgpzgajsqpbujo5on4zavxbked6nijyv', 'va7ravkis2whh76yrjrhlbya42juvaz2', 'ecxbetovirwrg4gwcbf7edbp77tgmkbz']"
nkvsd5ri2kqwlslfmklhcugviuz4rws7,phist,1.9.0,0,SUCCESS,Not Scheduled,nkvsd5ri2kqwlslfmklhcugviuz4rws7,zhr4ta5aazu434w6tetywjhitwt5esda,1,0,3600,/p/vast1/koparasy/BUILD/spack_cluster_installer/quartz/phist/specs/nkvsd5ri2kqwlslfmklhcugviuz4rws7.yaml,"['olj6q45onykyeor4zfudy6pqhvaa5ezn', 'jsl7r5mwlzon5hijlxtp4kxv2h6khsww', 'ts6limkslso6zu72naiaolcpob6qc6zm', '4yvnccgrs5ztzvogkmik6vttarj7dxvi']"
nlv3gpee3imxscmorj6qca6xv6eagywy,phist,1.6.0,0,SUCCESS,Not Scheduled,nlv3gpee3imxscmorj6qca6xv6eagywy,bezqnua5qoelbfi7l6wjs3hw3lwrc4mr,1,0,3600,/p/vast1/koparasy/BUILD/spack_cluster_installer/quartz/phist/specs/nlv3gpee3imxscmorj6qca6xv6eagywy.yaml,"['ajn6ok446bp5ckp2tgt5cssokfk6xdkh', 'zlans7duqcaerwyh7wl4zrsod46vtkub', 'ntv6ad3f3cii5lhhbobjik4dw34tsi2y']"
nmwby2b7qkft7r5t2f366aigkzu2u2l3,phist,1.7.3,0,SUCCESS,Not Scheduled,nmwby2b7qkft7r5t2f366aigkzu2u2l3,37vrmcbkxfxhhyc4w4gjmadvxocvbvxy,1,0,3600,/p/vast1/koparasy/BUILD/spack_cluster_installer/quartz/phist/specs/nmwby2b7qkft7r5t2f366aigkzu2u2l3.yaml,"['cc2pjls542mbtszq2c3nsfsgbvpc5vly', 'o67hxbh52k63nf4og7xilfcc2gsfhrcl', 'zoitcwm3mmoqi6lpjxnayztrwu6in5br', 'qdh3aj7hhwaq7sieqvhhx3l6ng42yh4z']"
noquftl6qxlmpzk6ikweogc3yganqhy7,phist,1.9.5,0,SUCCESS,Not Scheduled,noquftl6qxlmpzk6ikweogc3yganqhy7,nbj6tja6km52qlirqlgp5u7fuz564ree,1,0,3600,/p/vast1/koparasy/BUILD/spack_cluster_installer/quartz/phist/specs/noquftl6qxlmpzk6ikweogc3yganqhy7.yaml,"['37j4ggfds732gt5lhnfrbd23jqustt7q', 'pgpzgajsqpbujo5on4zavxbked6nijyv', '6wvvqp3me7kn52zisziksfnloukw3kbm', 'vus7jsysfyed3pjcjp6esxs7vlykgj74']"
nqbanr6yu7mlb3z7nb5zlldonbgzubsp,phist,1.7.4,0,SUCCESS,Not Scheduled,nqbanr6yu7mlb3z7nb5zlldonbgzubsp,lhhk4dygrrvbuisgy72asdnc5wrt4j4w,1,0,3600,/p/vast1/koparasy/BUILD/spack_cluster_installer/quartz/phist/specs/nqbanr6yu7mlb3z7nb5zlldonbgzubsp.yaml,"['v5fkij426oajch4eai6vffgkd3efp4wy', '3hqp53udoet3v7jym6kv3gzuwzpcwugf', 'enmph22kij4dkoywh774utctv74v22o2', 'gujsava7zuyyftjn6plt3d2ihmn5atuv']"
nugcazuruhfkq3jrghfaruvoyzzd3lbi,phist,1.9.1,0,SUCCESS,Not Scheduled,nugcazuruhfkq3jrghfaruvoyzzd3lbi,5zffuamvxrtvtq2443oq72shtwwf5ntz,1,0,3600,/p/vast1/koparasy/BUILD/spack_cluster_installer/quartz/phist/specs/nugcazuruhfkq3jrghfaruvoyzzd3lbi.yaml,"['urgd3icyegjxo43r37uelgc435b5gopu', 'ygypy7hrlpr573l7usybknjq66a334ai', 'bwsf7zm23l7uo7jrlmauvq436puvvk2b', 'g53g2cc3hgjbfeqznw3cfkccbz4wv2oo']"
nx7hzqualq3o5hhvexd3tas5ydgunqeh,phist,1.9.2,0,SUCCESS,Not Scheduled,nx7hzqualq3o5hhvexd3tas5ydgunqeh,ffqjnofvkpqa436n6yzqe4gobaayhx2b,1,0,3600,/p/vast1/koparasy/BUILD/spack_cluster_installer/quartz/phist/specs/nx7hzqualq3o5hhvexd3tas5ydgunqeh.yaml,"['dlcoh6sne3jhcafr2gpz5t5etj5ilpko', '3hqp53udoet3v7jym6kv3gzuwzpcwugf', 'nu7rve24orrsc2ievlfwnal4zmdm3kq6', 'vfycyf7w4awk3uxey57fgivc76amolgx']"
o4havdcueblbvosbv2rpkeavjuo7p6i4,phist,1.9.5,0,SUCCESS,Not Scheduled,o4havdcueblbvosbv2rpkeavjuo7p6i4,br3gbui5wghr4qq22mu7vlvy3ptsoswl,1,0,3600,/p/vast1/koparasy/BUILD/spack_cluster_installer/quartz/phist/specs/o4havdcueblbvosbv2rpkeavjuo7p6i4.yaml,"['gzmgmqmw5tnpoh4vkqnhiwd5j5hx4mvk', 'pgpzgajsqpbujo5on4zavxbked6nijyv', 'qbx2cckwws5nn4kmmg5u7wdg6up44gul', 'adugbxkbcrodzkf5ftmuhn37tiun44ru']"
o62goaeexpnfclyjqophf7pxbh2rcot6,phist,1.9.3,0,SUCCESS,Not Scheduled,o62goaeexpnfclyjqophf7pxbh2rcot6,6e2m62lgq2i7hcjqzak4npxrmmmsotib,1,0,3600,/p/vast1/koparasy/BUILD/spack_cluster_installer/quartz/phist/specs/o62goaeexpnfclyjqophf7pxbh2rcot6.yaml,"['e3phkmmgmjc4gmufo4xr3h4o5xg7ngoe', '4nzq2eqvti2hifnqlkafgwvgpenqaale', 'wpbb2equvn6ocffiaiolh3qhiv3ozuik', 'rheabbmfxshe7nf5x6yfcaombbh47rv6']"
oawkfgfy677wa4kbdyojzrmnrob7ddw6,phist,1.4.3,0,SUCCESS,Not Scheduled,oawkfgfy677wa4kbdyojzrmnrob7ddw6,fbhxpcscwpr43nyo2guy3qtyiogzkaau,1,0,3600,/p/vast1/koparasy/BUILD/spack_cluster_installer/quartz/phist/specs/oawkfgfy677wa4kbdyojzrmnrob7ddw6.yaml,"['lymfavcob5jbzuimhvhjjs2uxi2ihyn2', 'fidc2rfswunj5zyguwn7jkzeljeikyqc', 'nu7rve24orrsc2ievlfwnal4zmdm3kq6']"
obhsdqrizrzzoz76xssdx3i22h5j4v2i,phist,1.9.5,0,SUCCESS,Not Scheduled,obhsdqrizrzzoz76xssdx3i22h5j4v2i,vgm3ozuxerc4itft7mg6rc3u4vdptgmx,1,0,3600,/p/vast1/koparasy/BUILD/spack_cluster_installer/quartz/phist/specs/obhsdqrizrzzoz76xssdx3i22h5j4v2i.yaml,"['6cltqahmkaktfw324ji2dazdmvzcl74f', 'ygypy7hrlpr573l7usybknjq66a334ai', '7f47oejpookmf3ecbjnazq76gfy6nuw6', 'adugbxkbcrodzkf5ftmuhn37tiun44ru']"
okg2syesapodj42acrqkc5ajedxtp57e,phist,1.9.4,0,SUCCESS,Not Scheduled,okg2syesapodj42acrqkc5ajedxtp57e,f42awvb3h6x7zs7riet65zhczoeag46f,1,0,3600,/p/vast1/koparasy/BUILD/spack_cluster_installer/quartz/phist/specs/okg2syesapodj42acrqkc5ajedxtp57e.yaml,"['x57cd2yb5bh5lmm3rluojucbqqnegit4', 'ackaa2l4svlmygwwfnzddif7yk6vmngp', 'jav4wqudjcg7dsjv2bfmiftfzddznkg3', 'g53g2cc3hgjbfeqznw3cfkccbz4wv2oo']"
op7vfnlmf2t2crinacagk4k4wu4gij4f,phist,1.9.5,0,SUCCESS,Not Scheduled,op7vfnlmf2t2crinacagk4k4wu4gij4f,ewsfz7hiw26yu76tw33cubetke2imqgg,1,0,3600,/p/vast1/koparasy/BUILD/spack_cluster_installer/quartz/phist/specs/op7vfnlmf2t2crinacagk4k4wu4gij4f.yaml,"['45fflyy6ygunm7fqno623tc322aaow4e', 'hi6lru2d4sglqecyupq2c6kibsb2fqbt', '6wvvqp3me7kn52zisziksfnloukw3kbm']"
opbwqq7b4jhghohpppse2vdbaivi6mzh,phist,1.9.0,0,SUCCESS,Not Scheduled,opbwqq7b4jhghohpppse2vdbaivi6mzh,ev37r67ktszmpkokp7pquvlf5c46dzdg,1,0,3600,/p/vast1/koparasy/BUILD/spack_cluster_installer/quartz/phist/specs/opbwqq7b4jhghohpppse2vdbaivi6mzh.yaml,"['qgyod57avvzfkeffeddsiqnklmt7pw2o', 'nnaxyn37rpv4cdnsn6bdq3dwjpjprguk', 'qbx2cckwws5nn4kmmg5u7wdg6up44gul', 'qdh3aj7hhwaq7sieqvhhx3l6ng42yh4z']"
opgb7oi3wuhkgcawodjjxz4ggxe3m5ws,phist,1.9.4,0,SUCCESS,Not Scheduled,opgb7oi3wuhkgcawodjjxz4ggxe3m5ws,5gcbpzzs2g3ptatxccp5fwt563ojdihd,1,0,3600,/p/vast1/koparasy/BUILD/spack_cluster_installer/quartz/phist/specs/opgb7oi3wuhkgcawodjjxz4ggxe3m5ws.yaml,"['c5p4p2ybhvuk2ddjlznqvufgro7kaoyj', 'qao2iw6bdjj5a6bwmda4f7xqf6lhvu2z', 'qfqhgzmtl2zvjx4z4em22nxgmvxv6fuz', 'i3q3bj3klzfi76vhgjp6eqlwtnmyhtkn']"
oqxkyhtvcnpw46w6hp2iuckbbxirdyqa,phist,1.7.4,0,SUCCESS,Not Scheduled,oqxkyhtvcnpw46w6hp2iuckbbxirdyqa,v6jmcdhoro6kzgfjj44jv2x5fjfzm2tz,1,0,3600,/p/vast1/koparasy/BUILD/spack_cluster_installer/quartz/phist/specs/oqxkyhtvcnpw46w6hp2iuckbbxirdyqa.yaml,"['3unaychwi57t4y7k6iytrw2ou6jtkamk', 'piol2hoakmpxu4jmihya3hfisbwwat7p', 'wpbb2equvn6ocffiaiolh3qhiv3ozuik', 'mtkvtrd5gwojttkg3ouj4tqssfi53hzi']"
oruued4ivfpy5l65r6anx7t7oicw5id2,phist,1.8.0,0,SUCCESS,Not Scheduled,oruued4ivfpy5l65r6anx7t7oicw5id2,phkgbhjkyqdhyw2wztppww534axoy7y7,1,0,3600,/p/vast1/koparasy/BUILD/spack_cluster_installer/quartz/phist/specs/oruued4ivfpy5l65r6anx7t7oicw5id2.yaml,"['czx77cju2ztjwnioi3nu66xyv6pgohg6', 'piol2hoakmpxu4jmihya3hfisbwwat7p', 'oymegvbkeubve4y2qwlvmdxfb4jrsjbt', 'wv67ekgtmnnhxjsx45qulie2ubqxgvoc']"
ot4u2bmhxpbbrfrefezybhdk66gifeqm,phist,1.8.0,0,SUCCESS,Not Scheduled,ot4u2bmhxpbbrfrefezybhdk66gifeqm,clqrsmi7kvyrvzqmcz4dzo3bo3vfid4c,1,0,3600,/p/vast1/koparasy/BUILD/spack_cluster_installer/quartz/phist/specs/ot4u2bmhxpbbrfrefezybhdk66gifeqm.yaml,"['uoz23qgqo4qbj4qtjk6cqsxnmgziek3f', 'ygypy7hrlpr573l7usybknjq66a334ai', 'f2l264vwrw6uo3cfva3fvligiighc7cd', 'tplijrs537vjfccugvmga6xfmpkb226a']"
ow2inobjkprttf5lgrigitw4wf5kaak6,phist,1.9.2,0,SUCCESS,Not Scheduled,ow2inobjkprttf5lgrigitw4wf5kaak6,g5wgutxcnztdizqxiyfzmmdtgbkjtms4,1,0,3600,/p/vast1/koparasy/BUILD/spack_cluster_installer/quartz/phist/specs/ow2inobjkprttf5lgrigitw4wf5kaak6.yaml,"['pernvbjtuazsz4ng7xahj4x3rz6kp622', '4nzq2eqvti2hifnqlkafgwvgpenqaale', 'ackaa2l4svlmygwwfnzddif7yk6vmngp', 'kkxlrfiyvoo3u6epavg7k47qei5ilarz']"
p4r5yxwhpfwqryf2fmhq3uhhwwhlfyx6,phist,1.9.4,0,SUCCESS,Not Scheduled,p4r5yxwhpfwqryf2fmhq3uhhwwhlfyx6,rtkr2kx2qixsfwnxjbx6tmmyfwxlzuzf,1,0,3600,/p/vast1/koparasy/BUILD/spack_cluster_installer/quartz/phist/specs/p4r5yxwhpfwqryf2fmhq3uhhwwhlfyx6.yaml,"['nu7hl4exprhcdxak2ys6m32uvd46jjzb', 'piol2hoakmpxu4jmihya3hfisbwwat7p', 'ackaa2l4svlmygwwfnzddif7yk6vmngp', 'tplijrs537vjfccugvmga6xfmpkb226a']"
pa6rmazqr4o62s4mu2iu36yozmvl7gae,phist,1.4.3,0,SUCCESS,Not Scheduled,pa6rmazqr4o62s4mu2iu36yozmvl7gae,tflwbb7vdps6p4fcwhcfrqzhxzrszgim,1,0,3600,/p/vast1/koparasy/BUILD/spack_cluster_installer/quartz/phist/specs/pa6rmazqr4o62s4mu2iu36yozmvl7gae.yaml,"['6luac5333elbdpucon23uguqkqpiljvv', 'gfdelbqf6cdeppleszqss6efb2mbpdt4', 'qbx2cckwws5nn4kmmg5u7wdg6up44gul']"
pac7djxfmcslp37bhb2u27b4boiyncpi,phist,1.9.5,0,SUCCESS,Not Scheduled,pac7djxfmcslp37bhb2u27b4boiyncpi,ue3pxbufzayrawguhdjxpudi235itwt5,1,0,3600,/p/vast1/koparasy/BUILD/spack_cluster_installer/quartz/phist/specs/pac7djxfmcslp37bhb2u27b4boiyncpi.yaml,"['deaxaf6gwrzvydgbpzrir7j6tfzfn4ee', 'sm7tvonxqb65nc4huwkpqd2on2fqtiug', 'ntv6ad3f3cii5lhhbobjik4dw34tsi2y', 'xfuvvfr4i4tjs5lykm4oszvtsukl2773']"
pai3yaqfyl5ebn73xcne6xivyxhiqdqa,phist,1.4.3,0,SUCCESS,Not Scheduled,pai3yaqfyl5ebn73xcne6xivyxhiqdqa,x3qdjskh7e23g7pz7ijhofrhhahtqtll,1,0,3600,/p/vast1/koparasy/BUILD/spack_cluster_installer/quartz/phist/specs/pai3yaqfyl5ebn73xcne6xivyxhiqdqa.yaml,"['76lh323v6qgmqkxfxx2s3d6hgu4wenn3', '4gn4abgg6xkk67fg2yzdtc2gs2gcjybp', '6wvvqp3me7kn52zisziksfnloukw3kbm']"
pbs7iao7nehkvpzwyk2twxg63hhb5svi,phist,1.9.5,0,SUCCESS,Not Scheduled,pbs7iao7nehkvpzwyk2twxg63hhb5svi,g3xv72tupfvtn5xz2b454jznikmxcxda,1,0,3600,/p/vast1/koparasy/BUILD/spack_cluster_installer/quartz/phist/specs/pbs7iao7nehkvpzwyk2twxg63hhb5svi.yaml,"['eqjwss2dh4qzumpe65az7z6g2cq6cnpt', 'pgpzgajsqpbujo5on4zavxbked6nijyv', 'wpbb2equvn6ocffiaiolh3qhiv3ozuik', 'wv67ekgtmnnhxjsx45qulie2ubqxgvoc']"
pcrtrtm3e4q65lhqg7hz6tob7m6asbah,phist,1.9.0,0,SUCCESS,Not Scheduled,pcrtrtm3e4q65lhqg7hz6tob7m6asbah,5b4grx3ydrmrrjmmnttl44le7pp7kail,1,0,3600,/p/vast1/koparasy/BUILD/spack_cluster_installer/quartz/phist/specs/pcrtrtm3e4q65lhqg7hz6tob7m6asbah.yaml,"['b2gbj2djgc7lbpzdydoczrogaiu33xaz', '4nzq2eqvti2hifnqlkafgwvgpenqaale', 'ts6limkslso6zu72naiaolcpob6qc6zm', '2pju6ia2266tn4vy6dolt6e2oygdpyet']"
pcuktwnogdnb54mofebebavuxzjn63e4,phist,1.6.1,0,SUCCESS,Not Scheduled,pcuktwnogdnb54mofebebavuxzjn63e4,3y24cljcyrtlab5kuyigezbc7ttwx7of,1,0,3600,/p/vast1/koparasy/BUILD/spack_cluster_installer/quartz/phist/specs/pcuktwnogdnb54mofebebavuxzjn63e4.yaml,"['ntzozvjjwznqyjkm7gqkljobim4f3oos', 'xkevoxnfc7wmbutfmohpjr2ncliwa5mg', 'va7ravkis2whh76yrjrhlbya42juvaz2']"
pdagbmy2yioddm3kw26s76shs2ezyasq,phist,1.9.3,0,SUCCESS,Not Scheduled,pdagbmy2yioddm3kw26s76shs2ezyasq,ajwvmkyjl2pi54xjifwvkllx5t3dxvxv,1,0,3600,/p/vast1/koparasy/BUILD/spack_cluster_installer/quartz/phist/specs/pdagbmy2yioddm3kw26s76shs2ezyasq.yaml,"['lleeoexgamf2bh5a3ifujra4cvhuq4f6', 'pixgaikfwcfvjoaxl6ttns5cnaygnlh7', 'jav4wqudjcg7dsjv2bfmiftfzddznkg3', 'ecxbetovirwrg4gwcbf7edbp77tgmkbz']"
pgykkvxp4kcyhdx6p4cbotdqvd66qeto,phist,1.9.2,0,SUCCESS,Not Scheduled,pgykkvxp4kcyhdx6p4cbotdqvd66qeto,eswt3bf6dvmvzwdrz4vdcy2p54ru4t6e,1,0,3600,/p/vast1/koparasy/BUILD/spack_cluster_installer/quartz/phist/specs/pgykkvxp4kcyhdx6p4cbotdqvd66qeto.yaml,"['xnj4nmhjaz3qd4j7ow6gb3r6plf5eglj', '4nzq2eqvti2hifnqlkafgwvgpenqaale', 'pixgaikfwcfvjoaxl6ttns5cnaygnlh7', 'do5qxxyqs5zd3pl6fspym22uck3tgfhv']"
ph3r53vkhwiopthb52sfsx2hyh6v3ylg,phist,1.8.0,0,SUCCESS,Not Scheduled,ph3r53vkhwiopthb52sfsx2hyh6v3ylg,tgebszxhosh4jni576ea5yx5cn6nxl6q,1,0,3600,/p/vast1/koparasy/BUILD/spack_cluster_installer/quartz/phist/specs/ph3r53vkhwiopthb52sfsx2hyh6v3ylg.yaml,"['vt7lide4cpukeofm25vp7cxvwbfbb55g', 'ygypy7hrlpr573l7usybknjq66a334ai', '4vl3lfy7q3ccacbramfkhlnoso3zjez6', 'i3q3bj3klzfi76vhgjp6eqlwtnmyhtkn']"
pi2fqfaltqzewaeqqrzq7x7itd4wzhuy,phist,1.9.1,0,SUCCESS,Not Scheduled,pi2fqfaltqzewaeqqrzq7x7itd4wzhuy,oaznwrx4gumaefyaxoy5cnfemtlcgl3p,1,0,3600,/p/vast1/koparasy/BUILD/spack_cluster_installer/quartz/phist/specs/pi2fqfaltqzewaeqqrzq7x7itd4wzhuy.yaml,"['lleeoexgamf2bh5a3ifujra4cvhuq4f6', 'jsl7r5mwlzon5hijlxtp4kxv2h6khsww', 'ntv6ad3f3cii5lhhbobjik4dw34tsi2y', 'gujsava7zuyyftjn6plt3d2ihmn5atuv']"
pinzg4bjb6hlrlr7ehywklx4c6rhgcmc,phist,1.9.4,0,SUCCESS,Not Scheduled,pinzg4bjb6hlrlr7ehywklx4c6rhgcmc,4uinxvaq4vyibta6q5726va2yc5a6h2z,1,0,3600,/p/vast1/koparasy/BUILD/spack_cluster_installer/quartz/phist/specs/pinzg4bjb6hlrlr7ehywklx4c6rhgcmc.yaml,"['mb2haqjmjbmwwgik45gwfj2ghwi6ygto', '3hqp53udoet3v7jym6kv3gzuwzpcwugf', 'oymegvbkeubve4y2qwlvmdxfb4jrsjbt', 'rheabbmfxshe7nf5x6yfcaombbh47rv6']"
pj6hdyedxn7xyduuatmg6jd2fu3e5jd2,phist,1.9.3,0,SUCCESS,Not Scheduled,pj6hdyedxn7xyduuatmg6jd2fu3e5jd2,t7fw5aqyexy24ms234xfsfqmv3w37uld,1,0,3600,/p/vast1/koparasy/BUILD/spack_cluster_installer/quartz/phist/specs/pj6hdyedxn7xyduuatmg6jd2fu3e5jd2.yaml,"['qdum4gzpqdvy7verqstfdkfkdbbmuwwr', 'rq6s2a5f726vcpa4lrpyipn6q2phmqvt', 'qfqhgzmtl2zvjx4z4em22nxgmvxv6fuz', 'tplijrs537vjfccugvmga6xfmpkb226a']"
pjtj2vuzbjrkqndp2sfa5o2a67ow2m73,phist,1.9.1,0,SUCCESS,Not Scheduled,pjtj2vuzbjrkqndp2sfa5o2a67ow2m73,jybecy66dgckxl6shovbweb7z3gl5mrl,1,0,3600,/p/vast1/koparasy/BUILD/spack_cluster_installer/quartz/phist/specs/pjtj2vuzbjrkqndp2sfa5o2a67ow2m73.yaml,"['uoz23qgqo4qbj4qtjk6cqsxnmgziek3f', 'jsl7r5mwlzon5hijlxtp4kxv2h6khsww', 'va7ravkis2whh76yrjrhlbya42juvaz2', 'hnhnmd3jslo76lpivjlkxepo5noqcapo']"
pkntbfapu3zk5zsjkeburkfcy7trlzhp,phist,1.9.0,0,SUCCESS,Not Scheduled,pkntbfapu3zk5zsjkeburkfcy7trlzhp,2vixfx4sadtzi3ozfys6ql7pgrgmnq7d,1,0,3600,/p/vast1/koparasy/BUILD/spack_cluster_installer/quartz/phist/specs/pkntbfapu3zk5zsjkeburkfcy7trlzhp.yaml,"['s7dakpotlx4eu4ctugpgnwnjg4nagq6w', 'sm7tvonxqb65nc4huwkpqd2on2fqtiug', '32y6nyxbq7wijkurfzyrvorzfpc2mpmk', 'bplxwtxe56ekhs7ag2cfmsxgqa4l7wca']"
plsqkjfuxjkxpybc7gspi2iwfzt6d2sh,phist,1.9.4,0,SUCCESS,Not Scheduled,plsqkjfuxjkxpybc7gspi2iwfzt6d2sh,slzztpufznwcss62z66asruklwy663zf,1,0,3600,/p/vast1/koparasy/BUILD/spack_cluster_installer/quartz/phist/specs/plsqkjfuxjkxpybc7gspi2iwfzt6d2sh.yaml,"['mfitdl4f65mkakkamknox2r7i37xyosz', 'qao2iw6bdjj5a6bwmda4f7xqf6lhvu2z', '4vl3lfy7q3ccacbramfkhlnoso3zjez6', '3by54whjdyxfeiyw5xwwdufdnh5rsuil']"
pmknhgi66pjer4f4yfol6hsavb3vu3ll,phist,1.9.0,0,SUCCESS,Not Scheduled,pmknhgi66pjer4f4yfol6hsavb3vu3ll,3ar4bsdhvdc4v26rq4s2fl3uqccpf54k,1,0,3600,/p/vast1/koparasy/BUILD/spack_cluster_installer/quartz/phist/specs/pmknhgi66pjer4f4yfol6hsavb3vu3ll.yaml,"['eophddrl5cbpoknyiy4p57sl5eumnwdv', 'jsl7r5mwlzon5hijlxtp4kxv2h6khsww', 'a64dsl63tlgf6oo64trc62s3bqdef3rz', 'vqlevidp2n32rsegc7557ijp4ayfwao6']"
pqdgpvhmg4drsx6ynjmhccpbjstjujnv,phist,1.7.4,0,SUCCESS,Not Scheduled,pqdgpvhmg4drsx6ynjmhccpbjstjujnv,hzqdxopg57kmvpp6h56fkuhwkfk545lg,1,0,3600,/p/vast1/koparasy/BUILD/spack_cluster_installer/quartz/phist/specs/pqdgpvhmg4drsx6ynjmhccpbjstjujnv.yaml,"['45fflyy6ygunm7fqno623tc322aaow4e', 'piol2hoakmpxu4jmihya3hfisbwwat7p', 'uerfhf2dxzfeeq34cz7oumw6f2nye7kf', '3vo7xg5zutdxd3nsa5r7cidg5eiguepn']"
pr2chpthxt5yze3b66vc47m7wx76jhj6,phist,1.9.1,0,SUCCESS,Not Scheduled,pr2chpthxt5yze3b66vc47m7wx76jhj6,nxzeukgapim2saagbi7zwhljf72yuqgr,1,0,3600,/p/vast1/koparasy/BUILD/spack_cluster_installer/quartz/phist/specs/pr2chpthxt5yze3b66vc47m7wx76jhj6.yaml,"['5urpxdoddlip3fxtfh32duj2dyjb5yqc', 'jsl7r5mwlzon5hijlxtp4kxv2h6khsww', 'zoitcwm3mmoqi6lpjxnayztrwu6in5br', 's3efrdukpi3zcj4u5djgtmtokeux3nym']"
pr5fy22cg57cf4es6t335f7c4hosgwah,phist,1.7.5,0,SUCCESS,Not Scheduled,pr5fy22cg57cf4es6t335f7c4hosgwah,tzqclfg7klr5pmqqlelmaybofi23oqq6,1,0,3600,/p/vast1/koparasy/BUILD/spack_cluster_installer/quartz/phist/specs/pr5fy22cg57cf4es6t335f7c4hosgwah.yaml,"['lzivlklhrrdzq5yy4ufp5pdcnpeouy57', 'nnaxyn37rpv4cdnsn6bdq3dwjpjprguk', '4vl3lfy7q3ccacbramfkhlnoso3zjez6', 'cbrwtopprulbz7y5xcwh22jglhwuffel']"
q6h3wcudgdjqr2mz7fekukan3yhu2haj,phist,1.7.4,0,SUCCESS,Not Scheduled,q6h3wcudgdjqr2mz7fekukan3yhu2haj,pzs367r7za6o2hjlo2ihrrmyegbspt2k,1,0,3600,/p/vast1/koparasy/BUILD/spack_cluster_installer/quartz/phist/specs/q6h3wcudgdjqr2mz7fekukan3yhu2haj.yaml,"['e3phkmmgmjc4gmufo4xr3h4o5xg7ngoe', 'jbwd5rbqgdhicymolguif32ml6nkimlu', '32y6nyxbq7wijkurfzyrvorzfpc2mpmk']"
q7acjnesaq3hbg6y44hwvxykd5ma5egz,phist,1.7.5,0,SUCCESS,Not Scheduled,q7acjnesaq3hbg6y44hwvxykd5ma5egz,b7wrblb7mvwdl2jwysncnqtei4dhwj2h,1,0,3600,/p/vast1/koparasy/BUILD/spack_cluster_installer/quartz/phist/specs/q7acjnesaq3hbg6y44hwvxykd5ma5egz.yaml,"['332tygc22qycht4oybbwqpo5pmvkpx7h', '3hqp53udoet3v7jym6kv3gzuwzpcwugf', 'enmph22kij4dkoywh774utctv74v22o2', 'rheabbmfxshe7nf5x6yfcaombbh47rv6']"
qb4xycob3g3wxngvuoxdougalpl7lnfx,phist,1.6.1,0,SUCCESS,Not Scheduled,qb4xycob3g3wxngvuoxdougalpl7lnfx,igo5o524xspoblep6yriawxo44wulugc,1,0,3600,/p/vast1/koparasy/BUILD/spack_cluster_installer/quartz/phist/specs/qb4xycob3g3wxngvuoxdougalpl7lnfx.yaml,"['adqh4qvtb4efyl5wruky2oznp6doou4k', 'bc4fzulr4tpdmrbvh4hfnq3ca2jwbrfy', 'va7ravkis2whh76yrjrhlbya42juvaz2']"
qeevpinkugldxhsxr3bickx2ihizvdlw,phist,1.9.3,0,SUCCESS,Not Scheduled,qeevpinkugldxhsxr3bickx2ihizvdlw,vfg2k5sclfku6bhcfiqwcxgak2uclmnn,1,0,3600,/p/vast1/koparasy/BUILD/spack_cluster_installer/quartz/phist/specs/qeevpinkugldxhsxr3bickx2ihizvdlw.yaml,"['2fvwcsqfxv6trc3ucje34ywir3ep2ebm', 'nnaxyn37rpv4cdnsn6bdq3dwjpjprguk', '32y6nyxbq7wijkurfzyrvorzfpc2mpmk', 'wjc7orimcqq27lcahykhstl5xk6f4oyo']"
qfg7gitseuuj3jx6mtbkd2owxyt4mhkk,phist,1.9.5,0,SUCCESS,Not Scheduled,qfg7gitseuuj3jx6mtbkd2owxyt4mhkk,2tla4ppa5s7wvdieiohaaqdlrimdhv26,1,0,3600,/p/vast1/koparasy/BUILD/spack_cluster_installer/quartz/phist/specs/qfg7gitseuuj3jx6mtbkd2owxyt4mhkk.yaml,"['xuzoopuqc6xedk76f76n2alifrt5llgk', 'unrvf6ehypzcbivpfz3d3a6wwj7ab4bi', 'va7ravkis2whh76yrjrhlbya42juvaz2', 'xfuvvfr4i4tjs5lykm4oszvtsukl2773']"
qgrifyo5hmfylquzda7xektsexnavn4w,phist,1.7.2,0,SUCCESS,Not Scheduled,qgrifyo5hmfylquzda7xektsexnavn4w,yfi2adehmghxzmzw3mgykef7mx7y7avg,1,0,3600,/p/vast1/koparasy/BUILD/spack_cluster_installer/quartz/phist/specs/qgrifyo5hmfylquzda7xektsexnavn4w.yaml,"['mfitdl4f65mkakkamknox2r7i37xyosz', '4nzq2eqvti2hifnqlkafgwvgpenqaale', 'uerfhf2dxzfeeq34cz7oumw6f2nye7kf', 's3efrdukpi3zcj4u5djgtmtokeux3nym']"
qgtk4rncojmxdef3fpf5fyj47wbbqwdx,phist,1.4.3,0,SUCCESS,Not Scheduled,qgtk4rncojmxdef3fpf5fyj47wbbqwdx,v7kpladnloqbusiy7qxhy2olrxbahhn5,1,0,3600,/p/vast1/koparasy/BUILD/spack_cluster_installer/quartz/phist/specs/qgtk4rncojmxdef3fpf5fyj47wbbqwdx.yaml,"['qdum4gzpqdvy7verqstfdkfkdbbmuwwr', '4bue22m3rpqw6staeoqczhl346qcf5xz', 'qfqhgzmtl2zvjx4z4em22nxgmvxv6fuz']"
qispzauswq7hr2w4kedmdghpt7e45flb,phist,1.9.3,0,SUCCESS,Not Scheduled,qispzauswq7hr2w4kedmdghpt7e45flb,yzxnaiougs3lnpnkpu23hkn3ciwaesd2,1,0,3600,/p/vast1/koparasy/BUILD/spack_cluster_installer/quartz/phist/specs/qispzauswq7hr2w4kedmdghpt7e45flb.yaml,"['vt7lide4cpukeofm25vp7cxvwbfbb55g', 'qbx2cckwws5nn4kmmg5u7wdg6up44gul', 'jav4wqudjcg7dsjv2bfmiftfzddznkg3', 'dkg2jq2zyspyrzwfku4jjp2cjulu2mq4']"
qk4uuka4nsref2re5z5yhz774bo3bhnt,phist,1.6.1,0,SUCCESS,Not Scheduled,qk4uuka4nsref2re5z5yhz774bo3bhnt,cdtlips55vhof3aiqu7tkvizjfyj7jxw,1,0,3600,/p/vast1/koparasy/BUILD/spack_cluster_installer/quartz/phist/specs/qk4uuka4nsref2re5z5yhz774bo3bhnt.yaml,"['eqjwss2dh4qzumpe65az7z6g2cq6cnpt', 'rrrogueioufisjx7tci3nmwvtzavqf5b', 'wpbb2equvn6ocffiaiolh3qhiv3ozuik']"
qt4opmdyo6qdntzmffww6zq2ve4o7fx5,phist,1.9.5,0,SUCCESS,Not Scheduled,qt4opmdyo6qdntzmffww6zq2ve4o7fx5,aj2b37r5ektdtu2qac6jrrfmaxxl37s4,1,0,3600,/p/vast1/koparasy/BUILD/spack_cluster_installer/quartz/phist/specs/qt4opmdyo6qdntzmffww6zq2ve4o7fx5.yaml,"['qggj523dktgoblmay3gsyfmqjswi3775', 'piol2hoakmpxu4jmihya3hfisbwwat7p', '4vl3lfy7q3ccacbramfkhlnoso3zjez6', 'oosigim5cozkcrj2ycodn7lm2qjzritt']"
qucnwtpxwpmxwuc27y37nt5fh6wzdkkw,phist,1.9.0,0,SUCCESS,Not Scheduled,qucnwtpxwpmxwuc27y37nt5fh6wzdkkw,v6elijw5jg5zkk7ymspfqbexvptgbqxh,1,0,3600,/p/vast1/koparasy/BUILD/spack_cluster_installer/quartz/phist/specs/qucnwtpxwpmxwuc27y37nt5fh6wzdkkw.yaml,"['dzw3tx5w6eltdvzd4rlo2fx6pqm3rxdo', 'sm7tvonxqb65nc4huwkpqd2on2fqtiug', 'pixgaikfwcfvjoaxl6ttns5cnaygnlh7', 'swh4d2xlg77mo2faldfmgaemxqcqqfpx']"
qxnd43bnavgv3meku2t7l7242u4nehs5,phist,1.6.0,0,SUCCESS,Not Scheduled,qxnd43bnavgv3meku2t7l7242u4nehs5,lpksxlnjbsf2by4h4su7r2xbmyhl3l6a,1,0,3600,/p/vast1/koparasy/BUILD/spack_cluster_installer/quartz/phist/specs/qxnd43bnavgv3meku2t7l7242u4nehs5.yaml,"['vt7lide4cpukeofm25vp7cxvwbfbb55g', 'smaikkvcxsrsl73kljybbfqd6qkshsi2', 'bwsf7zm23l7uo7jrlmauvq436puvvk2b']"
qyqawq7m3bu7vcikqmzrvjqne4l7njcy,phist,1.6.0,0,SUCCESS,Not Scheduled,qyqawq7m3bu7vcikqmzrvjqne4l7njcy,ufo22o3z6ytdrokbplyaccfno4de6vxk,1,0,3600,/p/vast1/koparasy/BUILD/spack_cluster_installer/quartz/phist/specs/qyqawq7m3bu7vcikqmzrvjqne4l7njcy.yaml,"['c5p4p2ybhvuk2ddjlznqvufgro7kaoyj', 'irfzdckgqcbqieaa4km5ripzuwa2gvgt', 'f2l264vwrw6uo3cfva3fvligiighc7cd']"
qzdmwvkqgpna7wkxa42dtl67gloq5tyo,phist,1.9.5,0,SUCCESS,Not Scheduled,qzdmwvkqgpna7wkxa42dtl67gloq5tyo,txeoneciqiiwitrc35iyi7vgtxl2pboe,1,0,3600,/p/vast1/koparasy/BUILD/spack_cluster_installer/quartz/phist/specs/qzdmwvkqgpna7wkxa42dtl67gloq5tyo.yaml,"['kfrgbub7dgpa2ektnytztsh2nwdfxv7r', 'oos6gwszelolzfanpnpghhdq6uco6yiq', 'qbx2cckwws5nn4kmmg5u7wdg6up44gul', 'tplijrs537vjfccugvmga6xfmpkb226a']"
r3hcrdptl5f3e6bdggwlvay57y3mctfr,phist,1.7.2,0,SUCCESS,Not Scheduled,r3hcrdptl5f3e6bdggwlvay57y3mctfr,bzaygqczp46tyv6u5yfzcwzyt2rapvlq,1,0,3600,/p/vast1/koparasy/BUILD/spack_cluster_installer/quartz/phist/specs/r3hcrdptl5f3e6bdggwlvay57y3mctfr.yaml,"['5ay64uvfayabsrle65lzic5bqzfzh6iy', 'oos6gwszelolzfanpnpghhdq6uco6yiq', 'nu7rve24orrsc2ievlfwnal4zmdm3kq6', '3xsmvn37i5u4rsmxu7fecilxekayoatk']"
r4sgh6pn3tfyxq3aooo7kk4no5ptbopk,phist,1.9.1,0,SUCCESS,Not Scheduled,r4sgh6pn3tfyxq3aooo7kk4no5ptbopk,libg3zan5dxeodsg4wkhfyo2apd6b7dj,1,0,3600,/p/vast1/koparasy/BUILD/spack_cluster_installer/quartz/phist/specs/r4sgh6pn3tfyxq3aooo7kk4no5ptbopk.yaml,"['okwpzdocjdmo3kshjl5m366tdoriw72q', 'sm7tvonxqb65nc4huwkpqd2on2fqtiug', '32y6nyxbq7wijkurfzyrvorzfpc2mpmk', '3xsmvn37i5u4rsmxu7fecilxekayoatk']"
r6dj4es6cejins5fecto4lqhth6k2qku,phist,1.7.5,0,SUCCESS,Not Scheduled,r6dj4es6cejins5fecto4lqhth6k2qku,nflcrbpfiquux33u3rpof4afil5fgj3h,1,0,3600,/p/vast1/koparasy/BUILD/spack_cluster_installer/quartz/phist/specs/r6dj4es6cejins5fecto4lqhth6k2qku.yaml,"['uyabpizxmcmo5i237ce7p6jqziuwdtnp', 'rq6s2a5f726vcpa4lrpyipn6q2phmqvt', '4vl3lfy7q3ccacbramfkhlnoso3zjez6', 'ecxbetovirwrg4gwcbf7edbp77tgmkbz']"
r6nksenzuzc47fpxnpiedvs76lxlhr67,phist,1.6.1,0,SUCCESS,Not Scheduled,r6nksenzuzc47fpxnpiedvs76lxlhr67,sqpirnepjplyacbo5lfiu7xtfmjlc3ip,1,0,3600,/p/vast1/koparasy/BUILD/spack_cluster_installer/quartz/phist/specs/r6nksenzuzc47fpxnpiedvs76lxlhr67.yaml,"['elupkehd3uhq54xgxarsfic77hkj5373', 'b3dfmz6yc3fctlpvaanbv67htwtkrfbe', 'a64dsl63tlgf6oo64trc62s3bqdef3rz']"
r75hdr3pklwd7hdweebsqi7d7rzg6huw,phist,1.9.5,0,SUCCESS,Not Scheduled,r75hdr3pklwd7hdweebsqi7d7rzg6huw,jrv2ojgztjplwolq7ymzkebzj5rmbrch,1,0,3600,/p/vast1/koparasy/BUILD/spack_cluster_installer/quartz/phist/specs/r75hdr3pklwd7hdweebsqi7d7rzg6huw.yaml,"['jwapr6sywhb23krxvgfqt6qiyjh5hlfs', 'unrvf6ehypzcbivpfz3d3a6wwj7ab4bi', '5ylf25d2nuxwkiqv3j3qvzhrnqpxgs3v', '2zzwified64bq55s3wtt6aq2hv4m7qp4']"
rcgslrwqcisbsidxcu37hre5xuawujb3,phist,1.8.0,0,SUCCESS,Not Scheduled,rcgslrwqcisbsidxcu37hre5xuawujb3,m34ec46dh5ph2v2hdufuljygwz6nkfnk,1,0,3600,/p/vast1/koparasy/BUILD/spack_cluster_installer/quartz/phist/specs/rcgslrwqcisbsidxcu37hre5xuawujb3.yaml,"['2fvwcsqfxv6trc3ucje34ywir3ep2ebm', 'nnaxyn37rpv4cdnsn6bdq3dwjpjprguk', 'nu7rve24orrsc2ievlfwnal4zmdm3kq6', 'kkxlrfiyvoo3u6epavg7k47qei5ilarz']"
rhxmoprrcytn74kmmo3pv7uz3455mcny,phist,1.9.5,0,SUCCESS,Not Scheduled,rhxmoprrcytn74kmmo3pv7uz3455mcny,ofnfxqgygesu6uphbhq44silcay57tlc,1,0,3600,/p/vast1/koparasy/BUILD/spack_cluster_installer/quartz/phist/specs/rhxmoprrcytn74kmmo3pv7uz3455mcny.yaml,"['37j4ggfds732gt5lhnfrbd23jqustt7q', '3hqp53udoet3v7jym6kv3gzuwzpcwugf', 'qbx2cckwws5nn4kmmg5u7wdg6up44gul', 'cwbqu3mdo3pgpjq2mygyngtbxm35vxvn']"
rhym3ahh5kz3xbyhsi7z6xf7n6d6gznw,phist,1.4.3,0,SUCCESS,Not Scheduled,rhym3ahh5kz3xbyhsi7z6xf7n6d6gznw,r2my5p73o3qge2yx5kabqhgqkkqigj57,1,0,3600,/p/vast1/koparasy/BUILD/spack_cluster_installer/quartz/phist/specs/rhym3ahh5kz3xbyhsi7z6xf7n6d6gznw.yaml,"['ajn6ok446bp5ckp2tgt5cssokfk6xdkh', 'tcdt5cibbvh33v2a7ynqtvfhucxsqutm', 'ts6limkslso6zu72naiaolcpob6qc6zm']"
ri3lko6blh33wb3wdzhe7znikpvtwvbk,phist,1.7.3,0,SUCCESS,Not Scheduled,ri3lko6blh33wb3wdzhe7znikpvtwvbk,u5tm3pv3bt7nzcvdvuatz73gozyg3r2n,1,0,3600,/p/vast1/koparasy/BUILD/spack_cluster_installer/quartz/phist/specs/ri3lko6blh33wb3wdzhe7znikpvtwvbk.yaml,"['rncjcs6ssfs4mcdgr7icux7g44ao6dmt', 'nu7rve24orrsc2ievlfwnal4zmdm3kq6', 'jav4wqudjcg7dsjv2bfmiftfzddznkg3', 'yz4lpkfq7t257p6qvx6mjrattx776sw6']"
rjxe6qma3ywtc76je7uaw4lmn5c3bdxk,phist,1.7.5,0,SUCCESS,Not Scheduled,rjxe6qma3ywtc76je7uaw4lmn5c3bdxk,7x7wewkxal6flg6g7bkqy7ncpjupq3lp,1,0,3600,/p/vast1/koparasy/BUILD/spack_cluster_installer/quartz/phist/specs/rjxe6qma3ywtc76je7uaw4lmn5c3bdxk.yaml,"['fcmgle4uau2xzbnilxj4pifskp4aadrz', '3hqp53udoet3v7jym6kv3gzuwzpcwugf', 'pixgaikfwcfvjoaxl6ttns5cnaygnlh7', 'hnhnmd3jslo76lpivjlkxepo5noqcapo']"
rk4hn7m4rv5i635f4dtvbwb45r5cdixv,phist,1.9.3,0,SUCCESS,Not Scheduled,rk4hn7m4rv5i635f4dtvbwb45r5cdixv,rlwooamlth5hf2axpgx4cawichm2ocgj,1,0,3600,/p/vast1/koparasy/BUILD/spack_cluster_installer/quartz/phist/specs/rk4hn7m4rv5i635f4dtvbwb45r5cdixv.yaml,"['4xadmhufpbmiqtukns5746hf4omjctp2', 'qao2iw6bdjj5a6bwmda4f7xqf6lhvu2z', 'pixgaikfwcfvjoaxl6ttns5cnaygnlh7', 'vqlevidp2n32rsegc7557ijp4ayfwao6']"
rmjwifwmuzgdefdxfk4mpy5mdscwddjf,phist,1.9.3,0,SUCCESS,Not Scheduled,rmjwifwmuzgdefdxfk4mpy5mdscwddjf,xp5xlmfpoffe74rjqz6xy4yyr5u3rrau,1,0,3600,/p/vast1/koparasy/BUILD/spack_cluster_installer/quartz/phist/specs/rmjwifwmuzgdefdxfk4mpy5mdscwddjf.yaml,"['6g4hluemqgwnb7cfxtjd44a5tzjge26y', 'qao2iw6bdjj5a6bwmda4f7xqf6lhvu2z', 'oymegvbkeubve4y2qwlvmdxfb4jrsjbt', '76t4pn4dtwjfg3vxsneywrteye7o3o2u']"
rmreezccl7uznazmbllisytqxajvhug3,phist,1.7.3,0,SUCCESS,Not Scheduled,rmreezccl7uznazmbllisytqxajvhug3,5uqkxiwgc6lwgowbzf6i3waz5x4u75qf,1,0,3600,/p/vast1/koparasy/BUILD/spack_cluster_installer/quartz/phist/specs/rmreezccl7uznazmbllisytqxajvhug3.yaml,"['xnj4nmhjaz3qd4j7ow6gb3r6plf5eglj', 'jsl7r5mwlzon5hijlxtp4kxv2h6khsww', 'bwsf7zm23l7uo7jrlmauvq436puvvk2b', 'cbrwtopprulbz7y5xcwh22jglhwuffel']"
rtp72thobhdampgz35hhhoxdhdspwoi5,phist,1.9.2,0,SUCCESS,Not Scheduled,rtp72thobhdampgz35hhhoxdhdspwoi5,65rbk3fxu5aziv3ey2bdlf5fhkrtimzp,1,0,3600,/p/vast1/koparasy/BUILD/spack_cluster_installer/quartz/phist/specs/rtp72thobhdampgz35hhhoxdhdspwoi5.yaml,"['mfitdl4f65mkakkamknox2r7i37xyosz', 'jsl7r5mwlzon5hijlxtp4kxv2h6khsww', '5ylf25d2nuxwkiqv3j3qvzhrnqpxgs3v', 'g53g2cc3hgjbfeqznw3cfkccbz4wv2oo']"
rycrsl43s3qzwt5d7eiw2mngnjb2r6in,phist,1.7.3,0,SUCCESS,Not Scheduled,rycrsl43s3qzwt5d7eiw2mngnjb2r6in,vyp2nqwqt7gmo66z2wzbhbpaq3jxe3wi,1,0,3600,/p/vast1/koparasy/BUILD/spack_cluster_installer/quartz/phist/specs/rycrsl43s3qzwt5d7eiw2mngnjb2r6in.yaml,"['6luac5333elbdpucon23uguqkqpiljvv', 'rq6s2a5f726vcpa4lrpyipn6q2phmqvt', '7f47oejpookmf3ecbjnazq76gfy6nuw6', 'xqsabk7k7xztrevnafvxwsfvriqbewbg']"
rzw76ib7kwffefkahe436nlykwmerw6b,phist,1.6.0,0,SUCCESS,Not Scheduled,rzw76ib7kwffefkahe436nlykwmerw6b,qlf6ekeup3uqtgzlodqlruulmcunptre,1,0,3600,/p/vast1/koparasy/BUILD/spack_cluster_installer/quartz/phist/specs/rzw76ib7kwffefkahe436nlykwmerw6b.yaml,"['cc2pjls542mbtszq2c3nsfsgbvpc5vly', 'ugp3f6ocgwn6myr2tgw2soea62vzng3j', 'enmph22kij4dkoywh774utctv74v22o2']"
s65wrhzc5ayrod3wnpru2rwh37chrwif,phist,1.9.0,0,SUCCESS,Not Scheduled,s65wrhzc5ayrod3wnpru2rwh37chrwif,wprn4smrmt4ut4jdl7biedpoko7ilnas,1,0,3600,/p/vast1/koparasy/BUILD/spack_cluster_installer/quartz/phist/specs/s65wrhzc5ayrod3wnpru2rwh37chrwif.yaml,"['5ay64uvfayabsrle65lzic5bqzfzh6iy', 'o67hxbh52k63nf4og7xilfcc2gsfhrcl', 'f2l264vwrw6uo3cfva3fvligiighc7cd', 'hwqqsa7fn56hlxqsfske22y4qm5cwmpt']"
sccm3q4oll7vxabzlq3zjms4zrsswesi,phist,1.6.0,0,SUCCESS,Not Scheduled,sccm3q4oll7vxabzlq3zjms4zrsswesi,qhctvfxmm6e2cbtemmdsgiyahpdbo7ve,1,0,3600,/p/vast1/koparasy/BUILD/spack_cluster_installer/quartz/phist/specs/sccm3q4oll7vxabzlq3zjms4zrsswesi.yaml,"['k73wib26wtzh4k5dpofvkb2adrrfwcpx', 'dr7csufmqg64r4juobln6rvkf46as3vv', '6wvvqp3me7kn52zisziksfnloukw3kbm']"
sipaxjj6it5cjrl52mq2x2qvptkznmio,phist,1.9.0,0,SUCCESS,Not Scheduled,sipaxjj6it5cjrl52mq2x2qvptkznmio,ucq5egs4plgjncu4ucrxdd5dfwydogtw,1,0,3600,/p/vast1/koparasy/BUILD/spack_cluster_installer/quartz/phist/specs/sipaxjj6it5cjrl52mq2x2qvptkznmio.yaml,"['6luac5333elbdpucon23uguqkqpiljvv', 'ygypy7hrlpr573l7usybknjq66a334ai', '7f47oejpookmf3ecbjnazq76gfy6nuw6', 'xfuvvfr4i4tjs5lykm4oszvtsukl2773']"
sja2m5ms66h3gukldnnn3yfp2c36lnt5,phist,1.6.1,0,SUCCESS,Not Scheduled,sja2m5ms66h3gukldnnn3yfp2c36lnt5,fdf76sqyhpqquql7i3yn5w7tx5mqv4tr,1,0,3600,/p/vast1/koparasy/BUILD/spack_cluster_installer/quartz/phist/specs/sja2m5ms66h3gukldnnn3yfp2c36lnt5.yaml,"['wsqt35zdzh6tfz2i3dnek277xcvujbut', 'bihsmajkpo2mjic46toxdy5gfrioiglz', 'qfqhgzmtl2zvjx4z4em22nxgmvxv6fuz']"
snq2pu4ae75xtwva4tllpn4mf2lithh4,phist,1.6.1,0,SUCCESS,Not Scheduled,snq2pu4ae75xtwva4tllpn4mf2lithh4,buukkx73w5v5yeablf4k6spzldai5kjb,1,0,3600,/p/vast1/koparasy/BUILD/spack_cluster_installer/quartz/phist/specs/snq2pu4ae75xtwva4tllpn4mf2lithh4.yaml,"['kpbycpoqtmk3bilke53ptc56kt3mx2zy', 'rf5dw5z33m3m55j5oaml2dzkjk2j5kug', 'bwsf7zm23l7uo7jrlmauvq436puvvk2b']"
snzhso2lxbcosbysd4rab7jfdrsxthgy,phist,1.7.3,0,SUCCESS,Not Scheduled,snzhso2lxbcosbysd4rab7jfdrsxthgy,xbq64jmilz2ytslqd5i3t3bfihd2bfd5,1,0,3600,/p/vast1/koparasy/BUILD/spack_cluster_installer/quartz/phist/specs/snzhso2lxbcosbysd4rab7jfdrsxthgy.yaml,"['lzivlklhrrdzq5yy4ufp5pdcnpeouy57', 'pgpzgajsqpbujo5on4zavxbked6nijyv', 'enmph22kij4dkoywh774utctv74v22o2', '466r3kdphiqvpanyhzxfi3dkbceeoq3r']"
sqtvdrtw2vsljdsb6hy2iathbr42npub,phist,1.9.0,0,SUCCESS,Not Scheduled,sqtvdrtw2vsljdsb6hy2iathbr42npub,2ehccblw6t424xuxs7he53mzphxx4hzi,1,0,3600,/p/vast1/koparasy/BUILD/spack_cluster_installer/quartz/phist/specs/sqtvdrtw2vsljdsb6hy2iathbr42npub.yaml,"['rncjcs6ssfs4mcdgr7icux7g44ao6dmt', '3hqp53udoet3v7jym6kv3gzuwzpcwugf', '5ylf25d2nuxwkiqv3j3qvzhrnqpxgs3v', 'qdh3aj7hhwaq7sieqvhhx3l6ng42yh4z']"
sv5zh5nke4zgdjrpopp3cib6cqyriggm,phist,1.9.5,0,SUCCESS,Not Scheduled,sv5zh5nke4zgdjrpopp3cib6cqyriggm,itcgca2flkt5xkg4yliddm4l3itah3hh,1,0,3600,/p/vast1/koparasy/BUILD/spack_cluster_installer/quartz/phist/specs/sv5zh5nke4zgdjrpopp3cib6cqyriggm.yaml,"['qggj523dktgoblmay3gsyfmqjswi3775', 'o67hxbh52k63nf4og7xilfcc2gsfhrcl', 'enmph22kij4dkoywh774utctv74v22o2', '2uxateew5xr7kkhjcqvohhdsvfuugtti']"
swknyleomjsguvnbnbu5e4mjhmgsxfs5,phist,1.9.5,0,SUCCESS,Not Scheduled,swknyleomjsguvnbnbu5e4mjhmgsxfs5,wvfg3iggqczzw3z5kervv6o6rjbeobrb,1,0,3600,/p/vast1/koparasy/BUILD/spack_cluster_installer/quartz/phist/specs/swknyleomjsguvnbnbu5e4mjhmgsxfs5.yaml,"['e3phkmmgmjc4gmufo4xr3h4o5xg7ngoe', 'pgpzgajsqpbujo5on4zavxbked6nijyv', 'va7ravkis2whh76yrjrhlbya42juvaz2', 'swh4d2xlg77mo2faldfmgaemxqcqqfpx']"
syqhply3twfcqtryx7un4r3ntmus5use,phist,1.9.2,0,SUCCESS,Not Scheduled,syqhply3twfcqtryx7un4r3ntmus5use,jozcjmb525oynew27hhlpw6q5kx7oxww,1,0,3600,/p/vast1/koparasy/BUILD/spack_cluster_installer/quartz/phist/specs/syqhply3twfcqtryx7un4r3ntmus5use.yaml,"['dlcoh6sne3jhcafr2gpz5t5etj5ilpko', 'ygypy7hrlpr573l7usybknjq66a334ai', '6wvvqp3me7kn52zisziksfnloukw3kbm', 'xre56drzhh5zil5vye3vyfqgiytsuleu']"
szvkybqkx3jj6q464kx5q2ooyxa5dvnu,phist,1.9.3,0,SUCCESS,Not Scheduled,szvkybqkx3jj6q464kx5q2ooyxa5dvnu,gd2c4pcvlvsikbrdjka3v43r4mo35xum,1,0,3600,/p/vast1/koparasy/BUILD/spack_cluster_installer/quartz/phist/specs/szvkybqkx3jj6q464kx5q2ooyxa5dvnu.yaml,"['3gsn4le7stkw4enroe2oljii4npbqsyu', 'oos6gwszelolzfanpnpghhdq6uco6yiq', 'pixgaikfwcfvjoaxl6ttns5cnaygnlh7', 'kkxlrfiyvoo3u6epavg7k47qei5ilarz']"
t4fxbb3ykuouih4fzssa7cjybt3pm6os,phist,1.6.0,0,SUCCESS,Not Scheduled,t4fxbb3ykuouih4fzssa7cjybt3pm6os,qvzl7xtv5jnjmlfxp5nrf653jhpeabnm,1,0,3600,/p/vast1/koparasy/BUILD/spack_cluster_installer/quartz/phist/specs/t4fxbb3ykuouih4fzssa7cjybt3pm6os.yaml,"['qggj523dktgoblmay3gsyfmqjswi3775', 'vxypkjxvqaafi6rcoow4vyhtlple7h7p', 'pixgaikfwcfvjoaxl6ttns5cnaygnlh7']"
t4v66ruwpreysxcxjmym7y6hyaqtueeo,phist,1.9.4,0,SUCCESS,Not Scheduled,t4v66ruwpreysxcxjmym7y6hyaqtueeo,m7q35wx6uryr4fff65pdpto2xmizdxij,1,0,3600,/p/vast1/koparasy/BUILD/spack_cluster_installer/quartz/phist/specs/t4v66ruwpreysxcxjmym7y6hyaqtueeo.yaml,"['k73wib26wtzh4k5dpofvkb2adrrfwcpx', 'nnaxyn37rpv4cdnsn6bdq3dwjpjprguk', '32y6nyxbq7wijkurfzyrvorzfpc2mpmk', '3dv6763luk23kcxfisvjhoze7fafa7mh']"
t5xb5xoltal3sr6newrh7hrvr6q62mcf,phist,1.8.0,0,SUCCESS,Not Scheduled,t5xb5xoltal3sr6newrh7hrvr6q62mcf,d5bvjl6dy6e6lgf2sxnphf34wfvifdtl,1,0,3600,/p/vast1/koparasy/BUILD/spack_cluster_installer/quartz/phist/specs/t5xb5xoltal3sr6newrh7hrvr6q62mcf.yaml,"['eophddrl5cbpoknyiy4p57sl5eumnwdv', 'o67hxbh52k63nf4og7xilfcc2gsfhrcl', 'qfqhgzmtl2zvjx4z4em22nxgmvxv6fuz', 't3vuev57mj7kw6ikd5bpm4vb6pl7mo2k']"
t6afkydxkicjvbxkwgivu5pfvx2m7gmj,phist,1.9.5,0,SUCCESS,Not Scheduled,t6afkydxkicjvbxkwgivu5pfvx2m7gmj,gjj76k7r6hfu6v5rcu57lfdqgafzmr3h,1,0,3600,/p/vast1/koparasy/BUILD/spack_cluster_installer/quartz/phist/specs/t6afkydxkicjvbxkwgivu5pfvx2m7gmj.yaml,"['b72qqg2ac3qxc2itl272eqagvor2eccu', '4nzq2eqvti2hifnqlkafgwvgpenqaale', 'nu7rve24orrsc2ievlfwnal4zmdm3kq6', 'hwqqsa7fn56hlxqsfske22y4qm5cwmpt']"
t7m4gpu5sogy54ikpd4th7wdd6elpwuj,phist,1.9.4,0,SUCCESS,Not Scheduled,t7m4gpu5sogy54ikpd4th7wdd6elpwuj,s2r4eo5agslfufpccbqpemthankutn3n,1,0,3600,/p/vast1/koparasy/BUILD/spack_cluster_installer/quartz/phist/specs/t7m4gpu5sogy54ikpd4th7wdd6elpwuj.yaml,"['sdqzjyrkuxg5nq2kuaczyc3otlq4dc7o', 'o67hxbh52k63nf4og7xilfcc2gsfhrcl', 'zoitcwm3mmoqi6lpjxnayztrwu6in5br', '76t4pn4dtwjfg3vxsneywrteye7o3o2u']"
taiyfvajzhkasc7zj7cbxtbxxdm6tnyq,phist,1.7.4,0,SUCCESS,Not Scheduled,taiyfvajzhkasc7zj7cbxtbxxdm6tnyq,ekcsopjs4dvatwy76qafauilg3tophec,1,0,3600,/p/vast1/koparasy/BUILD/spack_cluster_installer/quartz/phist/specs/taiyfvajzhkasc7zj7cbxtbxxdm6tnyq.yaml,"['cc2pjls542mbtszq2c3nsfsgbvpc5vly', 'jsl7r5mwlzon5hijlxtp4kxv2h6khsww', 'qfqhgzmtl2zvjx4z4em22nxgmvxv6fuz', 'vus7jsysfyed3pjcjp6esxs7vlykgj74']"
tcg5hloahngp4nonzjsmotaan7pqqinr,phist,1.7.5,0,SUCCESS,Not Scheduled,tcg5hloahngp4nonzjsmotaan7pqqinr,zpoatko7d3owaz4df6kbcnmiw7zh3t6u,1,0,3600,/p/vast1/koparasy/BUILD/spack_cluster_installer/quartz/phist/specs/tcg5hloahngp4nonzjsmotaan7pqqinr.yaml,"['lleeoexgamf2bh5a3ifujra4cvhuq4f6', 'jsl7r5mwlzon5hijlxtp4kxv2h6khsww', '4vl3lfy7q3ccacbramfkhlnoso3zjez6', '3dv6763luk23kcxfisvjhoze7fafa7mh']"
tfoiqpmqv7fk24htyomjlepm67iosex5,phist,1.9.4,0,SUCCESS,Not Scheduled,tfoiqpmqv7fk24htyomjlepm67iosex5,ekcvm762nhv4hebh6vlmmylmugnd6w7u,1,0,3600,/p/vast1/koparasy/BUILD/spack_cluster_installer/quartz/phist/specs/tfoiqpmqv7fk24htyomjlepm67iosex5.yaml,"['6cltqahmkaktfw324ji2dazdmvzcl74f', '4nzq2eqvti2hifnqlkafgwvgpenqaale', 'pixgaikfwcfvjoaxl6ttns5cnaygnlh7', '6cemqe5lg744gohy4vcapxo4gs53rzhb']"
thpcomzf63ocqlat462xdqv2ppudv5xd,phist,1.4.3,0,SUCCESS,Not Scheduled,thpcomzf63ocqlat462xdqv2ppudv5xd,wvvdvnwv47yssbwn7mn264odkylypjg3,1,0,3600,/p/vast1/koparasy/BUILD/spack_cluster_installer/quartz/phist/specs/thpcomzf63ocqlat462xdqv2ppudv5xd.yaml,"['6g4hluemqgwnb7cfxtjd44a5tzjge26y', '6lpdylqflyzs3xzyij4qqmewkwo5cczn', 'oymegvbkeubve4y2qwlvmdxfb4jrsjbt']"
tm7hhtds4h4ixmqamag7g66wlttm6azf,phist,1.7.2,0,SUCCESS,Not Scheduled,tm7hhtds4h4ixmqamag7g66wlttm6azf,wmkc6lmq5or7xxj73vwve4jlr73ti4uk,1,0,3600,/p/vast1/koparasy/BUILD/spack_cluster_installer/quartz/phist/specs/tm7hhtds4h4ixmqamag7g66wlttm6azf.yaml,"['k73wib26wtzh4k5dpofvkb2adrrfwcpx', '3hqp53udoet3v7jym6kv3gzuwzpcwugf', 'f2l264vwrw6uo3cfva3fvligiighc7cd', 'mlyzbno5wk5o3z3lvnkxxenmfoomwmxg']"
toyocqcmvit7w36wp3q7s4ust74yndam,phist,1.9.0,0,SUCCESS,Not Scheduled,toyocqcmvit7w36wp3q7s4ust74yndam,yfslqcvlwi3mscsjrg5ezsweegs3kvbd,1,0,3600,/p/vast1/koparasy/BUILD/spack_cluster_installer/quartz/phist/specs/toyocqcmvit7w36wp3q7s4ust74yndam.yaml,"['mjr2modeaqgy4b3jqdc2phbmyqxfmrrp', 'pgpzgajsqpbujo5on4zavxbked6nijyv', 'oymegvbkeubve4y2qwlvmdxfb4jrsjbt', '6cemqe5lg744gohy4vcapxo4gs53rzhb']"
tphptu5lrngdv4g2epjophe4xfwzz7q3,phist,1.7.4,0,SUCCESS,Not Scheduled,tphptu5lrngdv4g2epjophe4xfwzz7q3,imyl66mqnhjkvh55kg6py4jak3l2kcf7,1,0,3600,/p/vast1/koparasy/BUILD/spack_cluster_installer/quartz/phist/specs/tphptu5lrngdv4g2epjophe4xfwzz7q3.yaml,"['a6yjpcj2u4xrhnoh265r6nv2wcpagmx4', 'brc6bpepqgxtovtped6r6lyhdupguc44', 'wpbb2equvn6ocffiaiolh3qhiv3ozuik']"
tq5rxsqtzs7k5sc4xrbowdufftcdmbj5,phist,1.8.0,0,SUCCESS,Not Scheduled,tq5rxsqtzs7k5sc4xrbowdufftcdmbj5,ofluaje4e3w2reaprxlvhb7z7nqzdsnt,1,0,3600,/p/vast1/koparasy/BUILD/spack_cluster_installer/quartz/phist/specs/tq5rxsqtzs7k5sc4xrbowdufftcdmbj5.yaml,"['6g4hluemqgwnb7cfxtjd44a5tzjge26y', 'ygypy7hrlpr573l7usybknjq66a334ai', 'wpbb2equvn6ocffiaiolh3qhiv3ozuik', 'i3q3bj3klzfi76vhgjp6eqlwtnmyhtkn']"
tqpeho6fzqxpk3oeh5cot7lubtdxwiho,phist,1.9.5,0,SUCCESS,Not Scheduled,tqpeho6fzqxpk3oeh5cot7lubtdxwiho,qnsvz5zxqxfxp3ad3bz5q3ieu5h5ssxa,1,0,3600,/p/vast1/koparasy/BUILD/spack_cluster_installer/quartz/phist/specs/tqpeho6fzqxpk3oeh5cot7lubtdxwiho.yaml,"['fcmgle4uau2xzbnilxj4pifskp4aadrz', 'nnaxyn37rpv4cdnsn6bdq3dwjpjprguk', 'uerfhf2dxzfeeq34cz7oumw6f2nye7kf', 'gujsava7zuyyftjn6plt3d2ihmn5atuv']"
tucfzdjkuj5kemllwjxaenikoacfjbev,phist,1.9.0,0,SUCCESS,Not Scheduled,tucfzdjkuj5kemllwjxaenikoacfjbev,wxmopcxxgm23ud4esiyd2cbepi5wgehs,1,0,3600,/p/vast1/koparasy/BUILD/spack_cluster_installer/quartz/phist/specs/tucfzdjkuj5kemllwjxaenikoacfjbev.yaml,"['uyabpizxmcmo5i237ce7p6jqziuwdtnp', 'sm7tvonxqb65nc4huwkpqd2on2fqtiug', '4vl3lfy7q3ccacbramfkhlnoso3zjez6', 'wv67ekgtmnnhxjsx45qulie2ubqxgvoc']"
u4bvp2owwugd74n74nnu5uvzoov5vkt6,phist,1.7.3,0,SUCCESS,Not Scheduled,u4bvp2owwugd74n74nnu5uvzoov5vkt6,55eazz4ynlponssifacfrrure7nkuz3e,1,0,3600,/p/vast1/koparasy/BUILD/spack_cluster_installer/quartz/phist/specs/u4bvp2owwugd74n74nnu5uvzoov5vkt6.yaml,"['mfitdl4f65mkakkamknox2r7i37xyosz', '4nzq2eqvti2hifnqlkafgwvgpenqaale', 'wpbb2equvn6ocffiaiolh3qhiv3ozuik', '3o76m4utiyrsvuxwx2ytcv7sd3g35si6']"
ucnncakhi3uzudjfhw3fjyyqhcipjn7h,phist,1.6.1,0,SUCCESS,Not Scheduled,ucnncakhi3uzudjfhw3fjyyqhcipjn7h,ozb655qxgnbyx5kqa5qp5kybjfkqxx3v,1,0,3600,/p/vast1/koparasy/BUILD/spack_cluster_installer/quartz/phist/specs/ucnncakhi3uzudjfhw3fjyyqhcipjn7h.yaml,"['tt6pxxmh2ebmry4a3an3zbvco4xg6yk6', 'mwqa3vs7nbsazfbkua5iiex4g4gjh5ll', 'qfqhgzmtl2zvjx4z4em22nxgmvxv6fuz']"
udkdfjci6n4a6ss7jxq7gbso23oakpfj,phist,1.9.2,0,SUCCESS,Not Scheduled,udkdfjci6n4a6ss7jxq7gbso23oakpfj,thx42bxnoosfw7t3m3vf37huo4qgwolz,1,0,3600,/p/vast1/koparasy/BUILD/spack_cluster_installer/quartz/phist/specs/udkdfjci6n4a6ss7jxq7gbso23oakpfj.yaml,"['czx77cju2ztjwnioi3nu66xyv6pgohg6', '3hqp53udoet3v7jym6kv3gzuwzpcwugf', 'a64dsl63tlgf6oo64trc62s3bqdef3rz', 'bufv2ttl66wolia64nt6wh2xanandsiy']"
ufcrq6senx6olawwjkybnmcvee2t4ysd,phist,1.7.2,0,SUCCESS,Not Scheduled,ufcrq6senx6olawwjkybnmcvee2t4ysd,pslpoz4bs2spzk4kiy5lw34k3ks5e2gi,1,0,3600,/p/vast1/koparasy/BUILD/spack_cluster_installer/quartz/phist/specs/ufcrq6senx6olawwjkybnmcvee2t4ysd.yaml,"['4gih3qhistg2sr2t3b3gjv37ckcgxj4u', 'piol2hoakmpxu4jmihya3hfisbwwat7p', 'ackaa2l4svlmygwwfnzddif7yk6vmngp', 'adugbxkbcrodzkf5ftmuhn37tiun44ru']"
uiahwmpq4zl4s4dsznjizzxflbm6q3es,phist,1.9.0,0,SUCCESS,Not Scheduled,uiahwmpq4zl4s4dsznjizzxflbm6q3es,g72oyw2td4bathoayqkhjnrlz2wobjqb,1,0,3600,/p/vast1/koparasy/BUILD/spack_cluster_installer/quartz/phist/specs/uiahwmpq4zl4s4dsznjizzxflbm6q3es.yaml,"['a6yjpcj2u4xrhnoh265r6nv2wcpagmx4', 'nnaxyn37rpv4cdnsn6bdq3dwjpjprguk', 'va7ravkis2whh76yrjrhlbya42juvaz2', 'ecxbetovirwrg4gwcbf7edbp77tgmkbz']"
ujputgs22hovq2lx5q5lch5thaqruein,phist,1.7.2,0,SUCCESS,Not Scheduled,ujputgs22hovq2lx5q5lch5thaqruein,fsfhuucwlk3tb6mgyyqbgtzplsz3xgga,1,0,3600,/p/vast1/koparasy/BUILD/spack_cluster_installer/quartz/phist/specs/ujputgs22hovq2lx5q5lch5thaqruein.yaml,"['sdqzjyrkuxg5nq2kuaczyc3otlq4dc7o', 'qao2iw6bdjj5a6bwmda4f7xqf6lhvu2z', 'uerfhf2dxzfeeq34cz7oumw6f2nye7kf', 'vtlk5yenrh5wgpzgyp6z5bh23o4pmfzn']"
ulqtr6opjq6xnd66qqfqka5ej3ltjmca,phist,1.6.0,0,SUCCESS,Not Scheduled,ulqtr6opjq6xnd66qqfqka5ej3ltjmca,ol6cmb4ssfzamgia5cy64ffmh55ozh3h,1,0,3600,/p/vast1/koparasy/BUILD/spack_cluster_installer/quartz/phist/specs/ulqtr6opjq6xnd66qqfqka5ej3ltjmca.yaml,"['3gsn4le7stkw4enroe2oljii4npbqsyu', 'wr7jvjm4eabekbsl4ixna3jlkekccjdv', 'uerfhf2dxzfeeq34cz7oumw6f2nye7kf']"
uslailj43m54rhqxqql3bjyauqr6rx4f,phist,1.9.0,0,SUCCESS,Not Scheduled,uslailj43m54rhqxqql3bjyauqr6rx4f,fonnw246c3tqfkklmzgwun3dhpu3nl7j,1,0,3600,/p/vast1/koparasy/BUILD/spack_cluster_installer/quartz/phist/specs/uslailj43m54rhqxqql3bjyauqr6rx4f.yaml,"['k73wib26wtzh4k5dpofvkb2adrrfwcpx', 'unrvf6ehypzcbivpfz3d3a6wwj7ab4bi', 'oymegvbkeubve4y2qwlvmdxfb4jrsjbt', 'rheabbmfxshe7nf5x6yfcaombbh47rv6']"
utnotn6svkunjbbxsdwlyhxr3md2xush,phist,1.9.2,0,SUCCESS,Not Scheduled,utnotn6svkunjbbxsdwlyhxr3md2xush,ohclmibmitaol4rk5fjjzqxhozuclyq6,1,0,3600,/p/vast1/koparasy/BUILD/spack_cluster_installer/quartz/phist/specs/utnotn6svkunjbbxsdwlyhxr3md2xush.yaml,"['urgd3icyegjxo43r37uelgc435b5gopu', 'oos6gwszelolzfanpnpghhdq6uco6yiq', 'ts6limkslso6zu72naiaolcpob6qc6zm', '6cemqe5lg744gohy4vcapxo4gs53rzhb']"
uyyf7q75grnir3rlpr53uvhap62cvdfj,phist,1.9.2,0,SUCCESS,Not Scheduled,uyyf7q75grnir3rlpr53uvhap62cvdfj,33hlp26igoisl6ifyhwje5eayh55te4x,1,0,3600,/p/vast1/koparasy/BUILD/spack_cluster_installer/quartz/phist/specs/uyyf7q75grnir3rlpr53uvhap62cvdfj.yaml,"['a4po3r7dvq23nyuqv624u6icvq4rravy', 'o67hxbh52k63nf4og7xilfcc2gsfhrcl', 'e4gzs3dduvc65i56avfdbyvn4hervnp6', 'hnhnmd3jslo76lpivjlkxepo5noqcapo']"
uzzpt6fc6mtceft3cn5yuzrmgarmpx7n,phist,1.9.2,0,SUCCESS,Not Scheduled,uzzpt6fc6mtceft3cn5yuzrmgarmpx7n,n2utqwvybg6xbyubb4ftc73gzpx2chzd,1,0,3600,/p/vast1/koparasy/BUILD/spack_cluster_installer/quartz/phist/specs/uzzpt6fc6mtceft3cn5yuzrmgarmpx7n.yaml,"['b2gbj2djgc7lbpzdydoczrogaiu33xaz', 'rq6s2a5f726vcpa4lrpyipn6q2phmqvt', 'ts6limkslso6zu72naiaolcpob6qc6zm', '3xsmvn37i5u4rsmxu7fecilxekayoatk']"
vabgjpexp4jzt3hxz5wjyxnkvjm2bdev,phist,1.9.1,0,SUCCESS,Not Scheduled,vabgjpexp4jzt3hxz5wjyxnkvjm2bdev,srthprp3i727sfr3v7lgqgjciey2uajx,1,0,3600,/p/vast1/koparasy/BUILD/spack_cluster_installer/quartz/phist/specs/vabgjpexp4jzt3hxz5wjyxnkvjm2bdev.yaml,"['24xbenoaj6pdwgxa46tt5hoyubrindx5', 'rq6s2a5f726vcpa4lrpyipn6q2phmqvt', '5ylf25d2nuxwkiqv3j3qvzhrnqpxgs3v', 'yz4lpkfq7t257p6qvx6mjrattx776sw6']"
vdcbtocnak4kyr6g37j272g2ltecyzuh,phist,1.9.1,0,SUCCESS,Not Scheduled,vdcbtocnak4kyr6g37j272g2ltecyzuh,ncw34v2yogzbwrcmetaxzatmqotqmijg,1,0,3600,/p/vast1/koparasy/BUILD/spack_cluster_installer/quartz/phist/specs/vdcbtocnak4kyr6g37j272g2ltecyzuh.yaml,"['cuebroshbqpxsgzmzqi3sh4tgfsauzhh', 'oos6gwszelolzfanpnpghhdq6uco6yiq', 'zoitcwm3mmoqi6lpjxnayztrwu6in5br', 'dfk4u6fckjgzslvnqyhyez352nvhgr7z']"
vfdp752p45mg2qv5ojbb24psxj4uhscr,phist,1.9.0,0,SUCCESS,Not Scheduled,vfdp752p45mg2qv5ojbb24psxj4uhscr,bdz5oucpq2yeejseyj5t52vuiwlczdta,1,0,3600,/p/vast1/koparasy/BUILD/spack_cluster_installer/quartz/phist/specs/vfdp752p45mg2qv5ojbb24psxj4uhscr.yaml,"['lzivlklhrrdzq5yy4ufp5pdcnpeouy57', 'sm7tvonxqb65nc4huwkpqd2on2fqtiug', '5ylf25d2nuxwkiqv3j3qvzhrnqpxgs3v', 'bufv2ttl66wolia64nt6wh2xanandsiy']"
vgcw7m3cx67hgggnzotxpgt37vcj423e,phist,1.4.3,0,SUCCESS,Not Scheduled,vgcw7m3cx67hgggnzotxpgt37vcj423e,vygo37cjnqfpa3uypv2hsalbd57ib2co,1,0,3600,/p/vast1/koparasy/BUILD/spack_cluster_installer/quartz/phist/specs/vgcw7m3cx67hgggnzotxpgt37vcj423e.yaml,"['oyxo4cjuqp4agyztxxisuwva3l2rru4f', 'tklntwcahbc7vbkwnj2wv4wq6v4icph6', 'ackaa2l4svlmygwwfnzddif7yk6vmngp']"
vhazij4kyqierxpiaub3nfx447qw5cu6,phist,1.9.5,0,SUCCESS,Not Scheduled,vhazij4kyqierxpiaub3nfx447qw5cu6,b4gqp7x2s7w7qbsy2oima2c2iya3sic6,1,0,3600,/p/vast1/koparasy/BUILD/spack_cluster_installer/quartz/phist/specs/vhazij4kyqierxpiaub3nfx447qw5cu6.yaml,"['qggj523dktgoblmay3gsyfmqjswi3775', '3hqp53udoet3v7jym6kv3gzuwzpcwugf', 'zoitcwm3mmoqi6lpjxnayztrwu6in5br', '466r3kdphiqvpanyhzxfi3dkbceeoq3r']"
vjux7qvxgmkzz5ua4vvfrwucnoltzuso,phist,1.9.4,0,SUCCESS,Not Scheduled,vjux7qvxgmkzz5ua4vvfrwucnoltzuso,cbfxxg2s3dufnf5c6gf5glf4yyktmnee,1,0,3600,/p/vast1/koparasy/BUILD/spack_cluster_installer/quartz/phist/specs/vjux7qvxgmkzz5ua4vvfrwucnoltzuso.yaml,"['k73wib26wtzh4k5dpofvkb2adrrfwcpx', '4nzq2eqvti2hifnqlkafgwvgpenqaale', 'ackaa2l4svlmygwwfnzddif7yk6vmngp', 'vus7jsysfyed3pjcjp6esxs7vlykgj74']"
vkmggxguc54p2k4zievo2gqzwjbyuak2,phist,1.9.0,0,SUCCESS,Not Scheduled,vkmggxguc54p2k4zievo2gqzwjbyuak2,2vixfx4sadtzi3ozfys6ql7pgrgmnq7d,1,0,3600,/p/vast1/koparasy/BUILD/spack_cluster_installer/quartz/phist/specs/vkmggxguc54p2k4zievo2gqzwjbyuak2.yaml,"['rncjcs6ssfs4mcdgr7icux7g44ao6dmt', 'sm7tvonxqb65nc4huwkpqd2on2fqtiug', '32y6nyxbq7wijkurfzyrvorzfpc2mpmk', '2zzwified64bq55s3wtt6aq2hv4m7qp4']"
vljlugg7fhab3ci64c4r2lqiespw65xm,phist,1.9.1,0,SUCCESS,Not Scheduled,vljlugg7fhab3ci64c4r2lqiespw65xm,fxbdwpxzzg55esacotx2zcwmdul5r4f4,1,0,3600,/p/vast1/koparasy/BUILD/spack_cluster_installer/quartz/phist/specs/vljlugg7fhab3ci64c4r2lqiespw65xm.yaml,"['sdqzjyrkuxg5nq2kuaczyc3otlq4dc7o', 'sm7tvonxqb65nc4huwkpqd2on2fqtiug', 'qfqhgzmtl2zvjx4z4em22nxgmvxv6fuz', 'vfycyf7w4awk3uxey57fgivc76amolgx']"
vlmuuo64xxab22umykcv3qhe7evxrcfj,phist,1.9.2,0,SUCCESS,Not Scheduled,vlmuuo64xxab22umykcv3qhe7evxrcfj,fg4c3spqslehpfcvxnt7clut2wbbubt3,1,0,3600,/p/vast1/koparasy/BUILD/spack_cluster_installer/quartz/phist/specs/vlmuuo64xxab22umykcv3qhe7evxrcfj.yaml,"['kdnl3rlh2xgikkgby3xpomo5q2y3kfev', 'jbwd5rbqgdhicymolguif32ml6nkimlu', 'ntv6ad3f3cii5lhhbobjik4dw34tsi2y']"
vlyjdrih7db3kxklk624inlzptbbq52n,phist,1.7.3,0,SUCCESS,Not Scheduled,vlyjdrih7db3kxklk624inlzptbbq52n,zgaw7rvgqwjc5dhz5md3zaip2jkdi27c,1,0,3600,/p/vast1/koparasy/BUILD/spack_cluster_installer/quartz/phist/specs/vlyjdrih7db3kxklk624inlzptbbq52n.yaml,"['2fvwcsqfxv6trc3ucje34ywir3ep2ebm', 'unrvf6ehypzcbivpfz3d3a6wwj7ab4bi', 'uerfhf2dxzfeeq34cz7oumw6f2nye7kf', '6cemqe5lg744gohy4vcapxo4gs53rzhb']"
vnhiw3znwhhugfb3esl2p42wejusdhmv,phist,1.9.0,0,SUCCESS,Not Scheduled,vnhiw3znwhhugfb3esl2p42wejusdhmv,euefursnhfnp64enss7w34joz3ui7ceb,1,0,3600,/p/vast1/koparasy/BUILD/spack_cluster_installer/quartz/phist/specs/vnhiw3znwhhugfb3esl2p42wejusdhmv.yaml,"['kfrgbub7dgpa2ektnytztsh2nwdfxv7r', 'rq6s2a5f726vcpa4lrpyipn6q2phmqvt', 'ackaa2l4svlmygwwfnzddif7yk6vmngp', 'vfycyf7w4awk3uxey57fgivc76amolgx']"
vopeta3t53pfyy6xs4t6xzckrammj5wn,phist,1.7.2,0,SUCCESS,Not Scheduled,vopeta3t53pfyy6xs4t6xzckrammj5wn,54zahgou2wr4avftjj5nfm4oc4vugeox,1,0,3600,/p/vast1/koparasy/BUILD/spack_cluster_installer/quartz/phist/specs/vopeta3t53pfyy6xs4t6xzckrammj5wn.yaml,"['mb2haqjmjbmwwgik45gwfj2ghwi6ygto', 'o67hxbh52k63nf4og7xilfcc2gsfhrcl', 'nu7rve24orrsc2ievlfwnal4zmdm3kq6', '2uxateew5xr7kkhjcqvohhdsvfuugtti']"
vpdxu2agb64sk4nnpt2wsyygdp4huvx2,phist,1.9.2,0,SUCCESS,Not Scheduled,vpdxu2agb64sk4nnpt2wsyygdp4huvx2,torg5rezcfisjdyob6trhkdbgnvk2p5m,1,0,3600,/p/vast1/koparasy/BUILD/spack_cluster_installer/quartz/phist/specs/vpdxu2agb64sk4nnpt2wsyygdp4huvx2.yaml,"['eophddrl5cbpoknyiy4p57sl5eumnwdv', 'rq6s2a5f726vcpa4lrpyipn6q2phmqvt', 'va7ravkis2whh76yrjrhlbya42juvaz2', 'ecxbetovirwrg4gwcbf7edbp77tgmkbz']"
vpinkp76jybygtbgutcxigemsg4fpsvy,phist,1.9.1,0,SUCCESS,Not Scheduled,vpinkp76jybygtbgutcxigemsg4fpsvy,lzhz5xsdyyyvstpk5rdvjekxwozd5y2y,1,0,3600,/p/vast1/koparasy/BUILD/spack_cluster_installer/quartz/phist/specs/vpinkp76jybygtbgutcxigemsg4fpsvy.yaml,"['eophddrl5cbpoknyiy4p57sl5eumnwdv', 'piol2hoakmpxu4jmihya3hfisbwwat7p', 'qfqhgzmtl2zvjx4z4em22nxgmvxv6fuz', 'cbrwtopprulbz7y5xcwh22jglhwuffel']"
vrkdmfihdj2umgx5zxeie76a773kj5nc,phist,1.7.3,0,SUCCESS,Not Scheduled,vrkdmfihdj2umgx5zxeie76a773kj5nc,7yhkbw2yfeslassokep5wyonaxhjrk66,1,0,3600,/p/vast1/koparasy/BUILD/spack_cluster_installer/quartz/phist/specs/vrkdmfihdj2umgx5zxeie76a773kj5nc.yaml,"['2fvwcsqfxv6trc3ucje34ywir3ep2ebm', 'sm7tvonxqb65nc4huwkpqd2on2fqtiug', 'wpbb2equvn6ocffiaiolh3qhiv3ozuik', 'hwqqsa7fn56hlxqsfske22y4qm5cwmpt']"
vrptbfupr5oqypa5ntn4pweym6qheap7,phist,1.7.5,0,SUCCESS,Not Scheduled,vrptbfupr5oqypa5ntn4pweym6qheap7,vrutghfma3ra4k56fa74ngyafheftf6t,1,0,3600,/p/vast1/koparasy/BUILD/spack_cluster_installer/quartz/phist/specs/vrptbfupr5oqypa5ntn4pweym6qheap7.yaml,"['2fvwcsqfxv6trc3ucje34ywir3ep2ebm', 'o67hxbh52k63nf4og7xilfcc2gsfhrcl', 'nu7rve24orrsc2ievlfwnal4zmdm3kq6', 'vtlk5yenrh5wgpzgyp6z5bh23o4pmfzn']"
vse5gmxnudhnmwi43ilizegcbboz5e6t,phist,1.9.4,0,SUCCESS,Not Scheduled,vse5gmxnudhnmwi43ilizegcbboz5e6t,pbf5i2ktknefhavqzd6ftji2wqextbrh,1,0,3600,/p/vast1/koparasy/BUILD/spack_cluster_installer/quartz/phist/specs/vse5gmxnudhnmwi43ilizegcbboz5e6t.yaml,"['sdqzjyrkuxg5nq2kuaczyc3otlq4dc7o', 'unrvf6ehypzcbivpfz3d3a6wwj7ab4bi', 'bwsf7zm23l7uo7jrlmauvq436puvvk2b', 'mddp7kece3bbmer4r5wtjbsdvha2ewrp']"
w4dsatutfqde4dttgodyc3hxibc2e25f,phist,1.4.3,0,SUCCESS,Not Scheduled,w4dsatutfqde4dttgodyc3hxibc2e25f,fby53u3rhfs7otgodpchoinmsf275uy7,1,0,3600,/p/vast1/koparasy/BUILD/spack_cluster_installer/quartz/phist/specs/w4dsatutfqde4dttgodyc3hxibc2e25f.yaml,"['gzmgmqmw5tnpoh4vkqnhiwd5j5hx4mvk', 'yjedea72ysu35lb27s7odgnkouotj6u6', 'uerfhf2dxzfeeq34cz7oumw6f2nye7kf']"
w5ecaeq2mtuyfyjkfkfuaspfh75u7an3,phist,1.7.3,0,SUCCESS,Not Scheduled,w5ecaeq2mtuyfyjkfkfuaspfh75u7an3,n3obkqeooekgizgi7if3qtsixhvi5sve,1,0,3600,/p/vast1/koparasy/BUILD/spack_cluster_installer/quartz/phist/specs/w5ecaeq2mtuyfyjkfkfuaspfh75u7an3.yaml,"['kfrgbub7dgpa2ektnytztsh2nwdfxv7r', '3hqp53udoet3v7jym6kv3gzuwzpcwugf', 'enmph22kij4dkoywh774utctv74v22o2', 'ya3luux2r7itkznf5t6ppfy2dyij326h']"
w6kkqeh5aqa2pj7vgid7loxgtkmcjodv,phist,1.7.4,0,SUCCESS,Not Scheduled,w6kkqeh5aqa2pj7vgid7loxgtkmcjodv,7pffrbxpvv5u6yor4yziuguisgrhqf3g,1,0,3600,/p/vast1/koparasy/BUILD/spack_cluster_installer/quartz/phist/specs/w6kkqeh5aqa2pj7vgid7loxgtkmcjodv.yaml,"['b72qqg2ac3qxc2itl272eqagvor2eccu', 'sm7tvonxqb65nc4huwkpqd2on2fqtiug', '5ylf25d2nuxwkiqv3j3qvzhrnqpxgs3v', 'do5qxxyqs5zd3pl6fspym22uck3tgfhv']"
weveptcrvgqqjrxk2vvkizmcjua7et4v,phist,1.9.5,0,SUCCESS,Not Scheduled,weveptcrvgqqjrxk2vvkizmcjua7et4v,aaud6oslmwfppe64dbetimaiwttohcaf,1,0,3600,/p/vast1/koparasy/BUILD/spack_cluster_installer/quartz/phist/specs/weveptcrvgqqjrxk2vvkizmcjua7et4v.yaml,"['4xadmhufpbmiqtukns5746hf4omjctp2', 'rq6s2a5f726vcpa4lrpyipn6q2phmqvt', 'qbx2cckwws5nn4kmmg5u7wdg6up44gul', 'mlyzbno5wk5o3z3lvnkxxenmfoomwmxg']"
wf5toprrqa7zxqlf3cltixctznvjvrzy,phist,1.9.2,0,SUCCESS,Not Scheduled,wf5toprrqa7zxqlf3cltixctznvjvrzy,cyj3xmjrpumiogcdlrgfiyrk6qy23uya,1,0,3600,/p/vast1/koparasy/BUILD/spack_cluster_installer/quartz/phist/specs/wf5toprrqa7zxqlf3cltixctznvjvrzy.yaml,"['kpbycpoqtmk3bilke53ptc56kt3mx2zy', 'piol2hoakmpxu4jmihya3hfisbwwat7p', 'e4gzs3dduvc65i56avfdbyvn4hervnp6', 'sygg75koa42pbzh6lemsu6mv5egozcwd']"
wf7otpsos55bj2ps44xpnpu2knwoijkw,phist,1.7.4,0,SUCCESS,Not Scheduled,wf7otpsos55bj2ps44xpnpu2knwoijkw,f5op36nlx6rbxxsx3tb4tudjhf6frqmb,1,0,3600,/p/vast1/koparasy/BUILD/spack_cluster_installer/quartz/phist/specs/wf7otpsos55bj2ps44xpnpu2knwoijkw.yaml,"['czx77cju2ztjwnioi3nu66xyv6pgohg6', 'piol2hoakmpxu4jmihya3hfisbwwat7p', '32y6nyxbq7wijkurfzyrvorzfpc2mpmk', 'vus7jsysfyed3pjcjp6esxs7vlykgj74']"
wg7criuutkwmmyf2oyi2crtgy45rvsqx,phist,1.7.5,0,SUCCESS,Not Scheduled,wg7criuutkwmmyf2oyi2crtgy45rvsqx,kkxwa4snfptstbx4tknmsymv6okr5c2m,1,0,3600,/p/vast1/koparasy/BUILD/spack_cluster_installer/quartz/phist/specs/wg7criuutkwmmyf2oyi2crtgy45rvsqx.yaml,"['urgd3icyegjxo43r37uelgc435b5gopu', 'nnaxyn37rpv4cdnsn6bdq3dwjpjprguk', 'a64dsl63tlgf6oo64trc62s3bqdef3rz', 'g53g2cc3hgjbfeqznw3cfkccbz4wv2oo']"
wkut4awhhglv65uwwhop7mcrf7trorhp,phist,1.7.4,0,SUCCESS,Not Scheduled,wkut4awhhglv65uwwhop7mcrf7trorhp,my4mn6kafqjsz2sl4znlwq553vjilqcw,1,0,3600,/p/vast1/koparasy/BUILD/spack_cluster_installer/quartz/phist/specs/wkut4awhhglv65uwwhop7mcrf7trorhp.yaml,"['f6pmtbfpfyjszbukxpsma5wq3rgi3joh', 'piol2hoakmpxu4jmihya3hfisbwwat7p', 'zoitcwm3mmoqi6lpjxnayztrwu6in5br', '3o76m4utiyrsvuxwx2ytcv7sd3g35si6']"
wl6xp72m34j4j66jox4ovkrrxl4fg2xf,phist,1.8.0,0,SUCCESS,Not Scheduled,wl6xp72m34j4j66jox4ovkrrxl4fg2xf,zdowdvsxu6pjc6zsueatizyfufqdzw4h,1,0,3600,/p/vast1/koparasy/BUILD/spack_cluster_installer/quartz/phist/specs/wl6xp72m34j4j66jox4ovkrrxl4fg2xf.yaml,"['2polunnjoafbfmvqxcikvj4x7zuqxc5u', 'nnaxyn37rpv4cdnsn6bdq3dwjpjprguk', '6wvvqp3me7kn52zisziksfnloukw3kbm', '2zzwified64bq55s3wtt6aq2hv4m7qp4']"
wl7aeiydb4v7j6thz5fayojjevqiezmi,phist,1.6.1,0,SUCCESS,Not Scheduled,wl7aeiydb4v7j6thz5fayojjevqiezmi,j5s2i4il4dylsxpadqzof3ugkyjokueh,1,0,3600,/p/vast1/koparasy/BUILD/spack_cluster_installer/quartz/phist/specs/wl7aeiydb4v7j6thz5fayojjevqiezmi.yaml,"['mb2haqjmjbmwwgik45gwfj2ghwi6ygto', 'om7ibz3kcbvswlad2g4y3q52r7ac3gvg', 'f2l264vwrw6uo3cfva3fvligiighc7cd']"
wm4sxa6o4aghy3syu2kahr5d3hv2jx6i,phist,1.9.1,0,SUCCESS,Not Scheduled,wm4sxa6o4aghy3syu2kahr5d3hv2jx6i,bmgq5y6iuknsppepzdzlxtmxwg35kjul,1,0,3600,/p/vast1/koparasy/BUILD/spack_cluster_installer/quartz/phist/specs/wm4sxa6o4aghy3syu2kahr5d3hv2jx6i.yaml,"['a4po3r7dvq23nyuqv624u6icvq4rravy', 'rq6s2a5f726vcpa4lrpyipn6q2phmqvt', '4vl3lfy7q3ccacbramfkhlnoso3zjez6', 'oosigim5cozkcrj2ycodn7lm2qjzritt']"
wm7zpjtkkfheusgd5pwlnlxeifejovgb,phist,1.6.0,0,SUCCESS,Not Scheduled,wm7zpjtkkfheusgd5pwlnlxeifejovgb,vpxemhpsb55oa4bviratietpyyr34niw,1,0,3600,/p/vast1/koparasy/BUILD/spack_cluster_installer/quartz/phist/specs/wm7zpjtkkfheusgd5pwlnlxeifejovgb.yaml,"['2ooattvyzef7jcufitfnwstlfoxav4xl', 'dlclykqlu6whn6sg4nc3q3u6kjetfg6l', 'zoitcwm3mmoqi6lpjxnayztrwu6in5br']"
wp3alpjdxvqi26rfpldrmzxf5uuiwrkg,phist,1.9.5,0,SUCCESS,Not Scheduled,wp3alpjdxvqi26rfpldrmzxf5uuiwrkg,3nbnqz72a76mofqo7htigywhkb3h3iyr,1,0,3600,/p/vast1/koparasy/BUILD/spack_cluster_installer/quartz/phist/specs/wp3alpjdxvqi26rfpldrmzxf5uuiwrkg.yaml,"['uoz23qgqo4qbj4qtjk6cqsxnmgziek3f', 'pixgaikfwcfvjoaxl6ttns5cnaygnlh7', 'jav4wqudjcg7dsjv2bfmiftfzddznkg3', 'cwbqu3mdo3pgpjq2mygyngtbxm35vxvn']"
wq4cy2fkljly3ausvtdmq5ejbq2to6pa,phist,1.4.3,0,SUCCESS,Not Scheduled,wq4cy2fkljly3ausvtdmq5ejbq2to6pa,67wp46d7z5pigesl2uugvbrfwhl3y7dh,1,0,3600,/p/vast1/koparasy/BUILD/spack_cluster_installer/quartz/phist/specs/wq4cy2fkljly3ausvtdmq5ejbq2to6pa.yaml,"['xuzoopuqc6xedk76f76n2alifrt5llgk', 'ntvzn4uoyl3gfc27vfuxg5tazisizw6e', 'wpbb2equvn6ocffiaiolh3qhiv3ozuik']"
wslo764vs3jssftbtmxkk6lnp2szv7pd,phist,1.6.0,0,SUCCESS,Not Scheduled,wslo764vs3jssftbtmxkk6lnp2szv7pd,mgiclcyvuax4wrnxehodh6ca3yp46vf4,1,0,3600,/p/vast1/koparasy/BUILD/spack_cluster_installer/quartz/phist/specs/wslo764vs3jssftbtmxkk6lnp2szv7pd.yaml,"['mfitdl4f65mkakkamknox2r7i37xyosz', 'igu5sxc7bq5jjk5bbbqbwinjwcqv2bkb', 'qbx2cckwws5nn4kmmg5u7wdg6up44gul']"
wsojvzlkgsumjhiuhdg52ieiexii7zoj,phist,1.7.2,0,SUCCESS,Not Scheduled,wsojvzlkgsumjhiuhdg52ieiexii7zoj,vzevvbnzy6csbbbayybmtggguoldf5mb,1,0,3600,/p/vast1/koparasy/BUILD/spack_cluster_installer/quartz/phist/specs/wsojvzlkgsumjhiuhdg52ieiexii7zoj.yaml,"['v5fkij426oajch4eai6vffgkd3efp4wy', 'qao2iw6bdjj5a6bwmda4f7xqf6lhvu2z', 'a64dsl63tlgf6oo64trc62s3bqdef3rz', 'ecxbetovirwrg4gwcbf7edbp77tgmkbz']"
wsqjxrbhrpb5uesnn2ojiv7za32lmwsy,phist,1.7.2,0,SUCCESS,Not Scheduled,wsqjxrbhrpb5uesnn2ojiv7za32lmwsy,ct6r4yzoau5todmdtxr2oset3ahezjp5,1,0,3600,/p/vast1/koparasy/BUILD/spack_cluster_installer/quartz/phist/specs/wsqjxrbhrpb5uesnn2ojiv7za32lmwsy.yaml,"['olj6q45onykyeor4zfudy6pqhvaa5ezn', 'nnaxyn37rpv4cdnsn6bdq3dwjpjprguk', '7f47oejpookmf3ecbjnazq76gfy6nuw6', '3hnfmmobqutp32nehbki364rmk5d2ozk']"
wtq4d63ky6nw4lkc5sabpxqvmzjxtxre,phist,1.7.3,0,SUCCESS,Not Scheduled,wtq4d63ky6nw4lkc5sabpxqvmzjxtxre,odgrrtng4f5rqdqa766tptaqymjvn6cj,1,0,3600,/p/vast1/koparasy/BUILD/spack_cluster_installer/quartz/phist/specs/wtq4d63ky6nw4lkc5sabpxqvmzjxtxre.yaml,"['eophddrl5cbpoknyiy4p57sl5eumnwdv', 'oos6gwszelolzfanpnpghhdq6uco6yiq', 'ts6limkslso6zu72naiaolcpob6qc6zm', 'kxto7byos6uxahl674u36teq4lkwx7ng']"
wvs3i7ennaeqpnihvvwdgfvustaw6max,phist,1.7.3,0,SUCCESS,Not Scheduled,wvs3i7ennaeqpnihvvwdgfvustaw6max,5udzfzntolvkpykbnfhsmjvvvj32u2j4,1,0,3600,/p/vast1/koparasy/BUILD/spack_cluster_installer/quartz/phist/specs/wvs3i7ennaeqpnihvvwdgfvustaw6max.yaml,"['6xd2dipbxw2sp6guc6zmzfuidzk6c3tu', '7f47oejpookmf3ecbjnazq76gfy6nuw6', 'jav4wqudjcg7dsjv2bfmiftfzddznkg3', 'kuelxtaw5qjlhniv3nrlxt47vaak4fit']"
ww5pnsymccbr77vqd2ysjf7yslceixw7,phist,1.7.3,0,SUCCESS,Not Scheduled,ww5pnsymccbr77vqd2ysjf7yslceixw7,lkrw3fttwiatlup2ze4er7catqyhydam,1,0,3600,/p/vast1/koparasy/BUILD/spack_cluster_installer/quartz/phist/specs/ww5pnsymccbr77vqd2ysjf7yslceixw7.yaml,"['mfitdl4f65mkakkamknox2r7i37xyosz', 'jsl7r5mwlzon5hijlxtp4kxv2h6khsww', 'wpbb2equvn6ocffiaiolh3qhiv3ozuik', 'qdh3aj7hhwaq7sieqvhhx3l6ng42yh4z']"
x26uj3wtpotcy32xzv6vcwsambhmqatn,phist,1.9.2,0,SUCCESS,Not Scheduled,x26uj3wtpotcy32xzv6vcwsambhmqatn,nrf5yahy5yn3winu5e7kn6eifki7s75b,1,0,3600,/p/vast1/koparasy/BUILD/spack_cluster_installer/quartz/phist/specs/x26uj3wtpotcy32xzv6vcwsambhmqatn.yaml,"['n2mvrjqr6ezsiyutrju65z33b6qqqg6u', 'jsl7r5mwlzon5hijlxtp4kxv2h6khsww', 'zoitcwm3mmoqi6lpjxnayztrwu6in5br', '466r3kdphiqvpanyhzxfi3dkbceeoq3r']"
x44vde5wir4g7napewmxwjffuymyogak,phist,1.7.3,0,SUCCESS,Not Scheduled,x44vde5wir4g7napewmxwjffuymyogak,mbe7f7zyscn6jr2rthgyuig5igx2qkt3,1,0,3600,/p/vast1/koparasy/BUILD/spack_cluster_installer/quartz/phist/specs/x44vde5wir4g7napewmxwjffuymyogak.yaml,"['k73wib26wtzh4k5dpofvkb2adrrfwcpx', '4nzq2eqvti2hifnqlkafgwvgpenqaale', 'oymegvbkeubve4y2qwlvmdxfb4jrsjbt', 'oosigim5cozkcrj2ycodn7lm2qjzritt']"
x5rimliilpojz6hoxzely3r6a2fizh4z,phist,1.7.5,0,SUCCESS,Not Scheduled,x5rimliilpojz6hoxzely3r6a2fizh4z,6ltn4ju6nlrulirq774dxbv5k3imq3de,1,0,3600,/p/vast1/koparasy/BUILD/spack_cluster_installer/quartz/phist/specs/x5rimliilpojz6hoxzely3r6a2fizh4z.yaml,"['okwpzdocjdmo3kshjl5m366tdoriw72q', 'sm7tvonxqb65nc4huwkpqd2on2fqtiug', 'wpbb2equvn6ocffiaiolh3qhiv3ozuik', '2zzwified64bq55s3wtt6aq2hv4m7qp4']"
x6vqogtxdwxmbyvtxrjaa7axnnewbgix,phist,1.9.0,0,SUCCESS,Not Scheduled,x6vqogtxdwxmbyvtxrjaa7axnnewbgix,gpe2edlh2iwqkt6nr2hd2djvuzlppnkc,1,0,3600,/p/vast1/koparasy/BUILD/spack_cluster_installer/quartz/phist/specs/x6vqogtxdwxmbyvtxrjaa7axnnewbgix.yaml,"['45fflyy6ygunm7fqno623tc322aaow4e', 'piol2hoakmpxu4jmihya3hfisbwwat7p', 'va7ravkis2whh76yrjrhlbya42juvaz2', 'hnhnmd3jslo76lpivjlkxepo5noqcapo']"
x7fglfcniubzcrz3cxrg4fblni2zki35,phist,1.6.1,0,SUCCESS,Not Scheduled,x7fglfcniubzcrz3cxrg4fblni2zki35,2sskxuydhimz3zi4lvlj7vtoprlhxhp5,1,0,3600,/p/vast1/koparasy/BUILD/spack_cluster_installer/quartz/phist/specs/x7fglfcniubzcrz3cxrg4fblni2zki35.yaml,"['b72qqg2ac3qxc2itl272eqagvor2eccu', 'glqavbw6hvtzcwzrbi2mq35kqgi3o6sn', 'a64dsl63tlgf6oo64trc62s3bqdef3rz']"
xa6b54cm3zcp3fxs6m74ohryeh3rajgv,phist,1.9.3,0,SUCCESS,Not Scheduled,xa6b54cm3zcp3fxs6m74ohryeh3rajgv,dmqgrru3upekfycczygukcjhakuq2skb,1,0,3600,/p/vast1/koparasy/BUILD/spack_cluster_installer/quartz/phist/specs/xa6b54cm3zcp3fxs6m74ohryeh3rajgv.yaml,"['45fflyy6ygunm7fqno623tc322aaow4e', 'e4gzs3dduvc65i56avfdbyvn4hervnp6', 'jav4wqudjcg7dsjv2bfmiftfzddznkg3', '3o76m4utiyrsvuxwx2ytcv7sd3g35si6']"
xakwib2g4ssz75k47dcz23hrx5fc3wsb,phist,1.9.5,0,SUCCESS,Not Scheduled,xakwib2g4ssz75k47dcz23hrx5fc3wsb,o5d7clr2efrcghcguxeuod2qscagnei4,1,0,3600,/p/vast1/koparasy/BUILD/spack_cluster_installer/quartz/phist/specs/xakwib2g4ssz75k47dcz23hrx5fc3wsb.yaml,"['urgd3icyegjxo43r37uelgc435b5gopu', '3hqp53udoet3v7jym6kv3gzuwzpcwugf', 'e4gzs3dduvc65i56avfdbyvn4hervnp6', '76t4pn4dtwjfg3vxsneywrteye7o3o2u']"
xbayzof5johbxosg52qxaylwy2rup5se,phist,1.7.4,0,SUCCESS,Not Scheduled,xbayzof5johbxosg52qxaylwy2rup5se,2getfgnrml5dc3ldb52h7xsxjb3j4sor,1,0,3600,/p/vast1/koparasy/BUILD/spack_cluster_installer/quartz/phist/specs/xbayzof5johbxosg52qxaylwy2rup5se.yaml,"['3gsn4le7stkw4enroe2oljii4npbqsyu', 'o67hxbh52k63nf4og7xilfcc2gsfhrcl', 'va7ravkis2whh76yrjrhlbya42juvaz2', '3dv6763luk23kcxfisvjhoze7fafa7mh']"
xddbyqg5bt5fg5kry6ffvq2sqsi2onur,phist,1.9.4,0,SUCCESS,Not Scheduled,xddbyqg5bt5fg5kry6ffvq2sqsi2onur,4zmolpicgkrdpya3xxol6nej7h7wa3rw,1,0,3600,/p/vast1/koparasy/BUILD/spack_cluster_installer/quartz/phist/specs/xddbyqg5bt5fg5kry6ffvq2sqsi2onur.yaml,"['xoh5dfpj74wuz7vfwubmoobpfekx2xwp', 'o67hxbh52k63nf4og7xilfcc2gsfhrcl', 'qbx2cckwws5nn4kmmg5u7wdg6up44gul', 'xqsabk7k7xztrevnafvxwsfvriqbewbg']"
xeoelulpc5gds7s73jremkkv46uslx2l,phist,1.9.1,0,SUCCESS,Not Scheduled,xeoelulpc5gds7s73jremkkv46uslx2l,woss5dbzlwj3codwndmtadcu4plsbrff,1,0,3600,/p/vast1/koparasy/BUILD/spack_cluster_installer/quartz/phist/specs/xeoelulpc5gds7s73jremkkv46uslx2l.yaml,"['5urpxdoddlip3fxtfh32duj2dyjb5yqc', '4vl3lfy7q3ccacbramfkhlnoso3zjez6', 'jav4wqudjcg7dsjv2bfmiftfzddznkg3', '6cemqe5lg744gohy4vcapxo4gs53rzhb']"
xfjccjeoanqfr7ve2dnse2g3qjgkcipc,phist,1.7.5,0,SUCCESS,Not Scheduled,xfjccjeoanqfr7ve2dnse2g3qjgkcipc,px2mkz2vziccnomlddunawjuqesixyt5,1,0,3600,/p/vast1/koparasy/BUILD/spack_cluster_installer/quartz/phist/specs/xfjccjeoanqfr7ve2dnse2g3qjgkcipc.yaml,"['xpc5vskg2gaff732g22r6m5mzxrvtlcd', 'rq6s2a5f726vcpa4lrpyipn6q2phmqvt', 'a64dsl63tlgf6oo64trc62s3bqdef3rz', 'qq6s6upvciqxpd6uym2kocar23swkzkr']"
xgv4xccfgu7y3lt54hh3syjek3xwd3xo,phist,1.7.5,0,SUCCESS,Not Scheduled,xgv4xccfgu7y3lt54hh3syjek3xwd3xo,5f46xycbrt4nyxtg2gryhooh2zqqqrbk,1,0,3600,/p/vast1/koparasy/BUILD/spack_cluster_installer/quartz/phist/specs/xgv4xccfgu7y3lt54hh3syjek3xwd3xo.yaml,"['elupkehd3uhq54xgxarsfic77hkj5373', '3hqp53udoet3v7jym6kv3gzuwzpcwugf', 'wpbb2equvn6ocffiaiolh3qhiv3ozuik', 'adugbxkbcrodzkf5ftmuhn37tiun44ru']"
xpespmswxqfmffqomhh3g5gaaiwcl7sw,phist,1.8.0,0,SUCCESS,Not Scheduled,xpespmswxqfmffqomhh3g5gaaiwcl7sw,osxrqbvimq5haxtvywqut4anrrjnh7r7,1,0,3600,/p/vast1/koparasy/BUILD/spack_cluster_installer/quartz/phist/specs/xpespmswxqfmffqomhh3g5gaaiwcl7sw.yaml,"['x57cd2yb5bh5lmm3rluojucbqqnegit4', 'ucbxm7rmgttok26in44va7rfczefahkw', 'qfqhgzmtl2zvjx4z4em22nxgmvxv6fuz', 'mtkvtrd5gwojttkg3ouj4tqssfi53hzi']"
xrldoflhzetologphvuseqdpovoj3kz5,phist,1.7.3,0,SUCCESS,Not Scheduled,xrldoflhzetologphvuseqdpovoj3kz5,24v3sztoin5qevhq6zcrkr3zqqsf3r7w,1,0,3600,/p/vast1/koparasy/BUILD/spack_cluster_installer/quartz/phist/specs/xrldoflhzetologphvuseqdpovoj3kz5.yaml,"['e3phkmmgmjc4gmufo4xr3h4o5xg7ngoe', '4nzq2eqvti2hifnqlkafgwvgpenqaale', '5ylf25d2nuxwkiqv3j3qvzhrnqpxgs3v', '3by54whjdyxfeiyw5xwwdufdnh5rsuil']"
xsele7w6urlae7wqhdx3e6xlafut2ubj,phist,1.9.1,0,SUCCESS,Not Scheduled,xsele7w6urlae7wqhdx3e6xlafut2ubj,eztggzbftqx4ikdjidxhnxg3th7m6amg,1,0,3600,/p/vast1/koparasy/BUILD/spack_cluster_installer/quartz/phist/specs/xsele7w6urlae7wqhdx3e6xlafut2ubj.yaml,"['uerltlobdgp65ispjwdhzdzfcjzxifuc', '3hqp53udoet3v7jym6kv3gzuwzpcwugf', 'oymegvbkeubve4y2qwlvmdxfb4jrsjbt', 'cbrwtopprulbz7y5xcwh22jglhwuffel']"
xsgedfm7v2xlq5pvoy76zgjjgjtoacda,phist,1.7.3,0,SUCCESS,Not Scheduled,xsgedfm7v2xlq5pvoy76zgjjgjtoacda,eq3h5z6aeqouuk3pk7j775u5blmhjuyj,1,0,3600,/p/vast1/koparasy/BUILD/spack_cluster_installer/quartz/phist/specs/xsgedfm7v2xlq5pvoy76zgjjgjtoacda.yaml,"['fcmgle4uau2xzbnilxj4pifskp4aadrz', 'qfqhgzmtl2zvjx4z4em22nxgmvxv6fuz', 'jav4wqudjcg7dsjv2bfmiftfzddznkg3', 'koj2dodmvhtshbuxgh3d56nxiad4hsg6']"
xsutn2iid2g7xmpssnmwppiszdtpnusy,phist,1.9.5,0,SUCCESS,Not Scheduled,xsutn2iid2g7xmpssnmwppiszdtpnusy,rxw4dogw6hj4siqhsoedy3qzkfauzd7j,1,0,3600,/p/vast1/koparasy/BUILD/spack_cluster_installer/quartz/phist/specs/xsutn2iid2g7xmpssnmwppiszdtpnusy.yaml,"['tt6pxxmh2ebmry4a3an3zbvco4xg6yk6', 'a64dsl63tlgf6oo64trc62s3bqdef3rz', 'jav4wqudjcg7dsjv2bfmiftfzddznkg3', '3o76m4utiyrsvuxwx2ytcv7sd3g35si6']"
y5hu5woyqqqketjfkq3bz3quip66xzic,phist,1.7.4,0,SUCCESS,Not Scheduled,y5hu5woyqqqketjfkq3bz3quip66xzic,zmfpr74hsqxskpkhspdokxfekxch6gfm,1,0,3600,/p/vast1/koparasy/BUILD/spack_cluster_installer/quartz/phist/specs/y5hu5woyqqqketjfkq3bz3quip66xzic.yaml,"['qggj523dktgoblmay3gsyfmqjswi3775', 'o67hxbh52k63nf4og7xilfcc2gsfhrcl', 'a64dsl63tlgf6oo64trc62s3bqdef3rz', '3by54whjdyxfeiyw5xwwdufdnh5rsuil']"
y6uv2myuflb2bzqdpxnbov43cwoghkjf,phist,1.7.3,0,SUCCESS,Not Scheduled,y6uv2myuflb2bzqdpxnbov43cwoghkjf,36zjqm6qzkenp57dgacpzq22dhn5ok7s,1,0,3600,/p/vast1/koparasy/BUILD/spack_cluster_installer/quartz/phist/specs/y6uv2myuflb2bzqdpxnbov43cwoghkjf.yaml,"['b2gbj2djgc7lbpzdydoczrogaiu33xaz', 'unrvf6ehypzcbivpfz3d3a6wwj7ab4bi', 'a64dsl63tlgf6oo64trc62s3bqdef3rz', 'ya3luux2r7itkznf5t6ppfy2dyij326h']"
y7mn5jjk5thgbigskwyfukqtx7wb7ato,phist,1.9.5,0,SUCCESS,Not Scheduled,y7mn5jjk5thgbigskwyfukqtx7wb7ato,tuscvpaz2cslqptg5reoykkafxtvl7yv,1,0,3600,/p/vast1/koparasy/BUILD/spack_cluster_installer/quartz/phist/specs/y7mn5jjk5thgbigskwyfukqtx7wb7ato.yaml,"['cc2pjls542mbtszq2c3nsfsgbvpc5vly', 'jsl7r5mwlzon5hijlxtp4kxv2h6khsww', 'oymegvbkeubve4y2qwlvmdxfb4jrsjbt', '3by54whjdyxfeiyw5xwwdufdnh5rsuil']"
ya62rspb3fks6apoocn4huemtbxjbymm,phist,1.9.4,0,SUCCESS,Not Scheduled,ya62rspb3fks6apoocn4huemtbxjbymm,drsohzqrykert3w2c4bwm5snoqilryl3,1,0,3600,/p/vast1/koparasy/BUILD/spack_cluster_installer/quartz/phist/specs/ya62rspb3fks6apoocn4huemtbxjbymm.yaml,"['3unaychwi57t4y7k6iytrw2ou6jtkamk', 'ygypy7hrlpr573l7usybknjq66a334ai', 'qfqhgzmtl2zvjx4z4em22nxgmvxv6fuz', 'qq6s6upvciqxpd6uym2kocar23swkzkr']"
ye7qefonpwhsltpmuf72562diepxvmq7,phist,1.9.4,0,SUCCESS,Not Scheduled,ye7qefonpwhsltpmuf72562diepxvmq7,likssnwewk7puucoucdlzdsipzqvh2mm,1,0,3600,/p/vast1/koparasy/BUILD/spack_cluster_installer/quartz/phist/specs/ye7qefonpwhsltpmuf72562diepxvmq7.yaml,"['b72qqg2ac3qxc2itl272eqagvor2eccu', 'nnaxyn37rpv4cdnsn6bdq3dwjpjprguk', '5ylf25d2nuxwkiqv3j3qvzhrnqpxgs3v', 'wv67ekgtmnnhxjsx45qulie2ubqxgvoc']"
yev4d7ezt7eosq7jmp7ndpkmtyi4zc7w,phist,1.9.0,0,SUCCESS,Not Scheduled,yev4d7ezt7eosq7jmp7ndpkmtyi4zc7w,txbebwtqlvkuo4y2fvmhvkugtl2wk7ac,1,0,3600,/p/vast1/koparasy/BUILD/spack_cluster_installer/quartz/phist/specs/yev4d7ezt7eosq7jmp7ndpkmtyi4zc7w.yaml,"['vt7lide4cpukeofm25vp7cxvwbfbb55g', 'qao2iw6bdjj5a6bwmda4f7xqf6lhvu2z', '5ylf25d2nuxwkiqv3j3qvzhrnqpxgs3v', 'vtlk5yenrh5wgpzgyp6z5bh23o4pmfzn']"
ygnvi7emxeaxjnt6ovgtcfdd7lzcimdn,phist,1.9.4,0,SUCCESS,Not Scheduled,ygnvi7emxeaxjnt6ovgtcfdd7lzcimdn,cwyavb6p5fojsddvmudv4nrbtztmu4di,1,0,3600,/p/vast1/koparasy/BUILD/spack_cluster_installer/quartz/phist/specs/ygnvi7emxeaxjnt6ovgtcfdd7lzcimdn.yaml,"['kfrgbub7dgpa2ektnytztsh2nwdfxv7r', 'nnaxyn37rpv4cdnsn6bdq3dwjpjprguk', 'ackaa2l4svlmygwwfnzddif7yk6vmngp', 'qdh3aj7hhwaq7sieqvhhx3l6ng42yh4z']"
yhbrlkn2p7l7cbgxd45axbhgn7zrwyv6,phist,1.9.0,0,SUCCESS,Not Scheduled,yhbrlkn2p7l7cbgxd45axbhgn7zrwyv6,w4acuhhzdcwpamfgczztehlc6j6f3rkf,1,0,3600,/p/vast1/koparasy/BUILD/spack_cluster_installer/quartz/phist/specs/yhbrlkn2p7l7cbgxd45axbhgn7zrwyv6.yaml,"['pernvbjtuazsz4ng7xahj4x3rz6kp622', '7f47oejpookmf3ecbjnazq76gfy6nuw6', 'jav4wqudjcg7dsjv2bfmiftfzddznkg3', 'hnhnmd3jslo76lpivjlkxepo5noqcapo']"
yjuh654cl63fqai25lwbzqdh46rgfovt,phist,1.9.4,0,SUCCESS,Not Scheduled,yjuh654cl63fqai25lwbzqdh46rgfovt,pwo2tr4ch7mtkhcg7pw3zidrdczvzwc6,1,0,3600,/p/vast1/koparasy/BUILD/spack_cluster_installer/quartz/phist/specs/yjuh654cl63fqai25lwbzqdh46rgfovt.yaml,"['f6pmtbfpfyjszbukxpsma5wq3rgi3joh', 'sm7tvonxqb65nc4huwkpqd2on2fqtiug', 'zoitcwm3mmoqi6lpjxnayztrwu6in5br', 'vfycyf7w4awk3uxey57fgivc76amolgx']"
ymb6767ftrhuujvyzcc65yeh3v4vqzll,phist,1.9.3,0,SUCCESS,Not Scheduled,ymb6767ftrhuujvyzcc65yeh3v4vqzll,utvm6wfxipqb4ggbfnc2bpvbtrdexemg,1,0,3600,/p/vast1/koparasy/BUILD/spack_cluster_installer/quartz/phist/specs/ymb6767ftrhuujvyzcc65yeh3v4vqzll.yaml,"['xuzoopuqc6xedk76f76n2alifrt5llgk', 'oos6gwszelolzfanpnpghhdq6uco6yiq', 'enmph22kij4dkoywh774utctv74v22o2', '3o76m4utiyrsvuxwx2ytcv7sd3g35si6']"
yqpqjjnvarwpvusg5bpdoqhqnl36csox,phist,1.7.5,0,SUCCESS,Not Scheduled,yqpqjjnvarwpvusg5bpdoqhqnl36csox,45xvvolrbfrp4ic5bob2aah4shpasbkx,1,0,3600,/p/vast1/koparasy/BUILD/spack_cluster_installer/quartz/phist/specs/yqpqjjnvarwpvusg5bpdoqhqnl36csox.yaml,"['ayn4s3glrfbm7drd7adh525poy2qehra', 'ygypy7hrlpr573l7usybknjq66a334ai', 'ntv6ad3f3cii5lhhbobjik4dw34tsi2y', '2uxateew5xr7kkhjcqvohhdsvfuugtti']"
ywwsqnx3oqxhkegkb6tms33tjxkyjul5,phist,1.9.1,0,SUCCESS,Not Scheduled,ywwsqnx3oqxhkegkb6tms33tjxkyjul5,26optsmovnucwyl44a7boynjmdv44p6e,1,0,3600,/p/vast1/koparasy/BUILD/spack_cluster_installer/quartz/phist/specs/ywwsqnx3oqxhkegkb6tms33tjxkyjul5.yaml,"['mjr2modeaqgy4b3jqdc2phbmyqxfmrrp', 'oos6gwszelolzfanpnpghhdq6uco6yiq', 'oymegvbkeubve4y2qwlvmdxfb4jrsjbt', 'rheabbmfxshe7nf5x6yfcaombbh47rv6']"
zakfk3232jjp2drmdr5unx22sovovlap,phist,1.9.5,0,SUCCESS,Not Scheduled,zakfk3232jjp2drmdr5unx22sovovlap,2ubntt2onsvah5reybfmpgm3dbtfufwc,1,0,3600,/p/vast1/koparasy/BUILD/spack_cluster_installer/quartz/phist/specs/zakfk3232jjp2drmdr5unx22sovovlap.yaml,"['xoh5dfpj74wuz7vfwubmoobpfekx2xwp', 'oos6gwszelolzfanpnpghhdq6uco6yiq', '4vl3lfy7q3ccacbramfkhlnoso3zjez6', 'xre56drzhh5zil5vye3vyfqgiytsuleu']"
zens3ugfeyhp3bxebuxif4dvsvwtvd7q,phist,1.9.5,0,SUCCESS,Not Scheduled,zens3ugfeyhp3bxebuxif4dvsvwtvd7q,4vh3arxbh5izrha7rgqnzttouci2vb33,1,0,3600,/p/vast1/koparasy/BUILD/spack_cluster_installer/quartz/phist/specs/zens3ugfeyhp3bxebuxif4dvsvwtvd7q.yaml,"['uyabpizxmcmo5i237ce7p6jqziuwdtnp', 'qao2iw6bdjj5a6bwmda4f7xqf6lhvu2z', '5ylf25d2nuxwkiqv3j3qvzhrnqpxgs3v', 'vqlevidp2n32rsegc7557ijp4ayfwao6']"
zilhs5lgfzitaun2kafvd4ihx2tf6jen,phist,1.9.2,0,SUCCESS,Not Scheduled,zilhs5lgfzitaun2kafvd4ihx2tf6jen,erftxdkmnvgllqgmjq5bfo4koboyx4df,1,0,3600,/p/vast1/koparasy/BUILD/spack_cluster_installer/quartz/phist/specs/zilhs5lgfzitaun2kafvd4ihx2tf6jen.yaml,"['dzw3tx5w6eltdvzd4rlo2fx6pqm3rxdo', 'unrvf6ehypzcbivpfz3d3a6wwj7ab4bi', 'nu7rve24orrsc2ievlfwnal4zmdm3kq6', '76t4pn4dtwjfg3vxsneywrteye7o3o2u']"
zlto2g3uldpqlenjasv3j4iayqbhytxh,phist,1.9.2,0,SUCCESS,Not Scheduled,zlto2g3uldpqlenjasv3j4iayqbhytxh,iexrnqnrkrh6byvsi7i3nv7zh4io7s4w,1,0,3600,/p/vast1/koparasy/BUILD/spack_cluster_installer/quartz/phist/specs/zlto2g3uldpqlenjasv3j4iayqbhytxh.yaml,"['mjr2modeaqgy4b3jqdc2phbmyqxfmrrp', 'e4gzs3dduvc65i56avfdbyvn4hervnp6', 'jav4wqudjcg7dsjv2bfmiftfzddznkg3', 'ke7dkzbq42656sbgiprltmhgy7i4iwuq']"
zplzackinto4j4rvxhditcbtgcmq5hfs,phist,1.9.4,0,SUCCESS,Not Scheduled,zplzackinto4j4rvxhditcbtgcmq5hfs,5gcbpzzs2g3ptatxccp5fwt563ojdihd,1,0,3600,/p/vast1/koparasy/BUILD/spack_cluster_installer/quartz/phist/specs/zplzackinto4j4rvxhditcbtgcmq5hfs.yaml,"['eophddrl5cbpoknyiy4p57sl5eumnwdv', 'qao2iw6bdjj5a6bwmda4f7xqf6lhvu2z', 'qfqhgzmtl2zvjx4z4em22nxgmvxv6fuz', 'mtkvtrd5gwojttkg3ouj4tqssfi53hzi']"
2ah5jnllbgh34axtqcxaqom443rgdfmr,phist,1.7.5,0,FAILED,Root Failure,2ah5jnllbgh34axtqcxaqom443rgdfmr,tzqclfg7klr5pmqqlelmaybofi23oqq6,0,1,3600,/p/vast1/koparasy/BUILD/spack_cluster_installer/quartz/phist/specs/2ah5jnllbgh34axtqcxaqom443rgdfmr.yaml,"['vt7lide4cpukeofm25vp7cxvwbfbb55g', 'nnaxyn37rpv4cdnsn6bdq3dwjpjprguk', '4vl3lfy7q3ccacbramfkhlnoso3zjez6', 'tplijrs537vjfccugvmga6xfmpkb226a']"
2b4dyf4pxj5dgp6nqvoztdfhtpgf5knq,phist,1.9.1,0,FAILED,Root Failure,2b4dyf4pxj5dgp6nqvoztdfhtpgf5knq,y6f5a2e7lmykdruxz7ufahwgwycwbisn,0,1,3600,/p/vast1/koparasy/BUILD/spack_cluster_installer/quartz/phist/specs/2b4dyf4pxj5dgp6nqvoztdfhtpgf5knq.yaml,"['dlcoh6sne3jhcafr2gpz5t5etj5ilpko', 'yovqgixd75hoxrbgzps7k7hvfnwu7jbq', 'e4gzs3dduvc65i56avfdbyvn4hervnp6']"
2fqivogtlabnhjjget4u34ok74xfb5gm,phist,develop,0,FAILED,Root Failure,2fqivogtlabnhjjget4u34ok74xfb5gm,p5j5ykm3hu5u5v375qdx247b4gwbh4mu,0,1,3600,/p/vast1/koparasy/BUILD/spack_cluster_installer/quartz/phist/specs/2fqivogtlabnhjjget4u34ok74xfb5gm.yaml,"['mjr2modeaqgy4b3jqdc2phbmyqxfmrrp', 'dcj65dpnynak3uo2vl6zibo3lj6b4wn6', 'ackaa2l4svlmygwwfnzddif7yk6vmngp', 'ecxbetovirwrg4gwcbf7edbp77tgmkbz']"
2kk2ul5k23tnfkyps3drcvuunnhtdo5b,phist,develop,0,FAILED,Root Failure,2kk2ul5k23tnfkyps3drcvuunnhtdo5b,t4cpwjk2efmgeihfxq4ukbhxykczdd3a,0,1,3600,/p/vast1/koparasy/BUILD/spack_cluster_installer/quartz/phist/specs/2kk2ul5k23tnfkyps3drcvuunnhtdo5b.yaml,"['24xbenoaj6pdwgxa46tt5hoyubrindx5', 'qao2iw6bdjj5a6bwmda4f7xqf6lhvu2z', 'bwsf7zm23l7uo7jrlmauvq436puvvk2b', 'blx5oevdamsygvihtxj347vgwhchodl4']"
2lat2xl4lxui4m2aqekazavnelzofj75,phist,master,0,FAILED,Root Failure,2lat2xl4lxui4m2aqekazavnelzofj75,wush4qeergl2g2pmvqd4v7g6pzpa7ele,0,1,3600,/p/vast1/koparasy/BUILD/spack_cluster_installer/quartz/phist/specs/2lat2xl4lxui4m2aqekazavnelzofj75.yaml,"['lzivlklhrrdzq5yy4ufp5pdcnpeouy57', 'pgpzgajsqpbujo5on4zavxbked6nijyv', 'e4gzs3dduvc65i56avfdbyvn4hervnp6', 'kxto7byos6uxahl674u36teq4lkwx7ng']"
2lpltdpyniwjllg565w3foiqxho3jjb6,phist,1.9.6,0,FAILED,Root Failure,2lpltdpyniwjllg565w3foiqxho3jjb6,bmhupx7fibwrdj7y7uq5alauaeimp5tb,0,1,3600,/p/vast1/koparasy/BUILD/spack_cluster_installer/quartz/phist/specs/2lpltdpyniwjllg565w3foiqxho3jjb6.yaml,"['a4po3r7dvq23nyuqv624u6icvq4rravy', 'ygypy7hrlpr573l7usybknjq66a334ai', 'pixgaikfwcfvjoaxl6ttns5cnaygnlh7', 'kkxlrfiyvoo3u6epavg7k47qei5ilarz']"
36baayw7xzk3gfcfb3ovp4ue27zpw4ho,phist,develop,0,FAILED,Root Failure,36baayw7xzk3gfcfb3ovp4ue27zpw4ho,bdnpu2u3ee7azvukuml6uwa5xiexhe4e,0,1,3600,/p/vast1/koparasy/BUILD/spack_cluster_installer/quartz/phist/specs/36baayw7xzk3gfcfb3ovp4ue27zpw4ho.yaml,"['ntzozvjjwznqyjkm7gqkljobim4f3oos', '4nzq2eqvti2hifnqlkafgwvgpenqaale', 'qbx2cckwws5nn4kmmg5u7wdg6up44gul', 'g53g2cc3hgjbfeqznw3cfkccbz4wv2oo']"
3dmobe64kwyyfiuw4afaeuhnijyylide,phist,1.7.2,0,FAILED,Root Failure,3dmobe64kwyyfiuw4afaeuhnijyylide,d3buckya7paar2agflko4f75ptpndfzk,0,1,3600,/p/vast1/koparasy/BUILD/spack_cluster_installer/quartz/phist/specs/3dmobe64kwyyfiuw4afaeuhnijyylide.yaml,"['a4po3r7dvq23nyuqv624u6icvq4rravy', 'rq6s2a5f726vcpa4lrpyipn6q2phmqvt', '6wvvqp3me7kn52zisziksfnloukw3kbm', '2pju6ia2266tn4vy6dolt6e2oygdpyet']"
3mbnrfmeq6y4rtigvovl4cvgs5d4vkgu,phist,develop,0,FAILED,Root Failure,3mbnrfmeq6y4rtigvovl4cvgs5d4vkgu,lrn7ieasmzslehgyd7j2t4tf67n6d62e,0,1,3600,/p/vast1/koparasy/BUILD/spack_cluster_installer/quartz/phist/specs/3mbnrfmeq6y4rtigvovl4cvgs5d4vkgu.yaml,"['2polunnjoafbfmvqxcikvj4x7zuqxc5u', 'sm7tvonxqb65nc4huwkpqd2on2fqtiug', 'wpbb2equvn6ocffiaiolh3qhiv3ozuik', 'sygg75koa42pbzh6lemsu6mv5egozcwd']"
3qjkbdko6kf3ccpq7byacnsobskzxryt,phist,1.9.3,0,FAILED,Root Failure,3qjkbdko6kf3ccpq7byacnsobskzxryt,5it4pzkzbgixulxu2fvohh2rmpjk3jgr,0,1,3600,/p/vast1/koparasy/BUILD/spack_cluster_installer/quartz/phist/specs/3qjkbdko6kf3ccpq7byacnsobskzxryt.yaml,"['mb2haqjmjbmwwgik45gwfj2ghwi6ygto', 'jpsnmbl3ktsmmlrg7w6rjvezrkjefdwf', 'f2l264vwrw6uo3cfva3fvligiighc7cd']"
3sl5hy2pmqwrc7baeadeeoyxpnz5xjiv,phist,1.7.4,0,FAILED,Root Failure,3sl5hy2pmqwrc7baeadeeoyxpnz5xjiv,htteq5ucghmt3rxfrcjd6xbecnkdcreh,0,1,3600,/p/vast1/koparasy/BUILD/spack_cluster_installer/quartz/phist/specs/3sl5hy2pmqwrc7baeadeeoyxpnz5xjiv.yaml,"['olj6q45onykyeor4zfudy6pqhvaa5ezn', 'qao2iw6bdjj5a6bwmda4f7xqf6lhvu2z', 'enmph22kij4dkoywh774utctv74v22o2', 'yqfosp3x5hkkrullaxgbrnmqe3s3pmuy']"
3x7d4o5n7yqwq2q7uyg7o3suwzrq6urx,phist,1.9.6,0,FAILED,Root Failure,3x7d4o5n7yqwq2q7uyg7o3suwzrq6urx,ee3i32dalfhi2kwopf4olb732uwig5ut,0,1,3600,/p/vast1/koparasy/BUILD/spack_cluster_installer/quartz/phist/specs/3x7d4o5n7yqwq2q7uyg7o3suwzrq6urx.yaml,"['okwpzdocjdmo3kshjl5m366tdoriw72q', 'unrvf6ehypzcbivpfz3d3a6wwj7ab4bi', '6wvvqp3me7kn52zisziksfnloukw3kbm', 'ya3luux2r7itkznf5t6ppfy2dyij326h']"
4dzylmfd33bbwkad6rciwletml4zmxy6,phist,1.7.4,0,FAILED,Root Failure,4dzylmfd33bbwkad6rciwletml4zmxy6,ilscbgfjtuxo6ypmqlgbxufzb2vo37ex,0,1,3600,/p/vast1/koparasy/BUILD/spack_cluster_installer/quartz/phist/specs/4dzylmfd33bbwkad6rciwletml4zmxy6.yaml,"['lymfavcob5jbzuimhvhjjs2uxi2ihyn2', 'srdikkhgwqgtavnnusmig3ootcylqdqr', '5ylf25d2nuxwkiqv3j3qvzhrnqpxgs3v']"
4qmjzupvc4rfieignzzxryl5cqy7bjh3,phist,1.7.5,0,FAILED,Root Failure,4qmjzupvc4rfieignzzxryl5cqy7bjh3,okub5xt4wemvi75pnxde7kos75njmzcg,0,1,3600,/p/vast1/koparasy/BUILD/spack_cluster_installer/quartz/phist/specs/4qmjzupvc4rfieignzzxryl5cqy7bjh3.yaml,"['e3phkmmgmjc4gmufo4xr3h4o5xg7ngoe', 'piol2hoakmpxu4jmihya3hfisbwwat7p', 'ntv6ad3f3cii5lhhbobjik4dw34tsi2y', 'b75w2ndimydfamog66xssdh7w6oyuy6v']"
4t6tg5bgnoxgqufzmh6v5tfc5rom7wl3,phist,1.8.0,0,FAILED,Root Failure,4t6tg5bgnoxgqufzmh6v5tfc5rom7wl3,v4wv7dh7xwv5govickefwujgy7yqwcif,0,1,3600,/p/vast1/koparasy/BUILD/spack_cluster_installer/quartz/phist/specs/4t6tg5bgnoxgqufzmh6v5tfc5rom7wl3.yaml,"['lbpam6wrjq2wvbwursykmvrhgofchnek', '2vo4ebck7e5f3rga4k7ek7hq2vbjgqab', 'pixgaikfwcfvjoaxl6ttns5cnaygnlh7']"
56hbbqymvyjof6cpef57r67efu5xgk3z,phist,develop,0,FAILED,Root Failure,56hbbqymvyjof6cpef57r67efu5xgk3z,t5alronkkhktyiu3ettbvybvlra54czk,0,1,3600,/p/vast1/koparasy/BUILD/spack_cluster_installer/quartz/phist/specs/56hbbqymvyjof6cpef57r67efu5xgk3z.yaml,"['x57cd2yb5bh5lmm3rluojucbqqnegit4', 'unrvf6ehypzcbivpfz3d3a6wwj7ab4bi', 'e4gzs3dduvc65i56avfdbyvn4hervnp6', 'wv67ekgtmnnhxjsx45qulie2ubqxgvoc']"
5gzsdswulquntr6qcbvuyvjbc6vis6kw,phist,1.7.4,0,FAILED,Root Failure,5gzsdswulquntr6qcbvuyvjbc6vis6kw,shzbdxkijn53lhhvturkyc5gkvjp4rfq,0,1,3600,/p/vast1/koparasy/BUILD/spack_cluster_installer/quartz/phist/specs/5gzsdswulquntr6qcbvuyvjbc6vis6kw.yaml,"['qgyod57avvzfkeffeddsiqnklmt7pw2o', '5v7gidv3idg7frarxibjxfpyar26ll4k', 'f2l264vwrw6uo3cfva3fvligiighc7cd']"
5xnq5ncpqe37fjqbt7qn7f34vowowk3n,phist,1.7.4,0,FAILED,Root Failure,5xnq5ncpqe37fjqbt7qn7f34vowowk3n,k65ywrvdpx4obzgj63ehwt27lnbg33qx,0,1,3600,/p/vast1/koparasy/BUILD/spack_cluster_installer/quartz/phist/specs/5xnq5ncpqe37fjqbt7qn7f34vowowk3n.yaml,"['mfitdl4f65mkakkamknox2r7i37xyosz', 'jsl7r5mwlzon5hijlxtp4kxv2h6khsww', '6wvvqp3me7kn52zisziksfnloukw3kbm', 'yqfosp3x5hkkrullaxgbrnmqe3s3pmuy']"
6hiz3pu6lpxvnsryfqkfnw3rdeqlw5lf,phist,master,0,FAILED,Root Failure,6hiz3pu6lpxvnsryfqkfnw3rdeqlw5lf,6l5kupmf2tu5fpzfxoprqbv5bk5pw27d,0,1,3600,/p/vast1/koparasy/BUILD/spack_cluster_installer/quartz/phist/specs/6hiz3pu6lpxvnsryfqkfnw3rdeqlw5lf.yaml,"['fm4ireyepeuzbbhzxu52tmdaiw46suw3', 'rq6s2a5f726vcpa4lrpyipn6q2phmqvt', 'zoitcwm3mmoqi6lpjxnayztrwu6in5br', 'cbrwtopprulbz7y5xcwh22jglhwuffel']"
72do2tuomr3svkjcis5inpgxy6eswv67,phist,1.9.5,0,FAILED,Root Failure,72do2tuomr3svkjcis5inpgxy6eswv67,aaud6oslmwfppe64dbetimaiwttohcaf,0,1,3600,/p/vast1/koparasy/BUILD/spack_cluster_installer/quartz/phist/specs/72do2tuomr3svkjcis5inpgxy6eswv67.yaml,"['ajn6ok446bp5ckp2tgt5cssokfk6xdkh', 'rq6s2a5f726vcpa4lrpyipn6q2phmqvt', 'qbx2cckwws5nn4kmmg5u7wdg6up44gul', '76t4pn4dtwjfg3vxsneywrteye7o3o2u']"
7apel55wzhvgb5d5t54b3p54j4qqw2np,phist,develop,0,FAILED,Root Failure,7apel55wzhvgb5d5t54b3p54j4qqw2np,piicyg5zogayfokagesre5j7qxw7udii,0,1,3600,/p/vast1/koparasy/BUILD/spack_cluster_installer/quartz/phist/specs/7apel55wzhvgb5d5t54b3p54j4qqw2np.yaml,"['zpwdny2qsjkfx4n74fguqj2se3jmctwv', 'unrvf6ehypzcbivpfz3d3a6wwj7ab4bi', 'zoitcwm3mmoqi6lpjxnayztrwu6in5br', 'yqfosp3x5hkkrullaxgbrnmqe3s3pmuy']"
7ddjpqoa53tukqmjflwqxmgupnyswwco,phist,1.9.5,0,FAILED,Root Failure,7ddjpqoa53tukqmjflwqxmgupnyswwco,ynfuua3q6j5ppytsddjhecss3ukktisx,0,1,3600,/p/vast1/koparasy/BUILD/spack_cluster_installer/quartz/phist/specs/7ddjpqoa53tukqmjflwqxmgupnyswwco.yaml,"['lbpam6wrjq2wvbwursykmvrhgofchnek', 'agsviyoqnohzprzprziqgid7l5pkb2lj', 'ts6limkslso6zu72naiaolcpob6qc6zm']"
7ix6jhjmfhv6nz4k4mkshgxdkosjdkni,phist,1.9.6,0,FAILED,Root Failure,7ix6jhjmfhv6nz4k4mkshgxdkosjdkni,rwumrtqrci5dyxen24332dehrdg3rlch,0,1,3600,/p/vast1/koparasy/BUILD/spack_cluster_installer/quartz/phist/specs/7ix6jhjmfhv6nz4k4mkshgxdkosjdkni.yaml,"['zpwdny2qsjkfx4n74fguqj2se3jmctwv', 'oos6gwszelolzfanpnpghhdq6uco6yiq', 'qbx2cckwws5nn4kmmg5u7wdg6up44gul', 'dfk4u6fckjgzslvnqyhyez352nvhgr7z']"
7os6vml7rcddgyluwibug46fzrgdegxs,phist,master,0,FAILED,Root Failure,7os6vml7rcddgyluwibug46fzrgdegxs,usflxscrydyt4j7qtzb6fvjrwhlgee3j,0,1,3600,/p/vast1/koparasy/BUILD/spack_cluster_installer/quartz/phist/specs/7os6vml7rcddgyluwibug46fzrgdegxs.yaml,"['2polunnjoafbfmvqxcikvj4x7zuqxc5u', 'ygypy7hrlpr573l7usybknjq66a334ai', 'zoitcwm3mmoqi6lpjxnayztrwu6in5br', '6cemqe5lg744gohy4vcapxo4gs53rzhb']"
azomftthpwdlykplntm5qpfqyrwkj3lg,phist,master,0,FAILED,Root Failure,azomftthpwdlykplntm5qpfqyrwkj3lg,lud7uayk3km75725rtenmetbp2uif44g,0,1,3600,/p/vast1/koparasy/BUILD/spack_cluster_installer/quartz/phist/specs/azomftthpwdlykplntm5qpfqyrwkj3lg.yaml,"['mb2haqjmjbmwwgik45gwfj2ghwi6ygto', 'nnaxyn37rpv4cdnsn6bdq3dwjpjprguk', 'e4gzs3dduvc65i56avfdbyvn4hervnp6', 's3efrdukpi3zcj4u5djgtmtokeux3nym']"
bfjzmrjabxnncsqlclxkl6kpftcnlczd,phist,1.9.6,0,FAILED,Root Failure,bfjzmrjabxnncsqlclxkl6kpftcnlczd,ocf6flu7wmkibf2blnsl3fwhuw6ggnwf,0,1,3600,/p/vast1/koparasy/BUILD/spack_cluster_installer/quartz/phist/specs/bfjzmrjabxnncsqlclxkl6kpftcnlczd.yaml,"['332tygc22qycht4oybbwqpo5pmvkpx7h', 'qao2iw6bdjj5a6bwmda4f7xqf6lhvu2z', '4vl3lfy7q3ccacbramfkhlnoso3zjez6', 'bplxwtxe56ekhs7ag2cfmsxgqa4l7wca']"
bgawvoqku2lrpn6dvwumf4xppcj6gtdj,phist,master,0,FAILED,Root Failure,bgawvoqku2lrpn6dvwumf4xppcj6gtdj,w4rf2mx23yhq6pbiyg77m4chsa7lgnuk,0,1,3600,/p/vast1/koparasy/BUILD/spack_cluster_installer/quartz/phist/specs/bgawvoqku2lrpn6dvwumf4xppcj6gtdj.yaml,"['jpy7uqhzyetpybizm2offd2ayhytn7ui', 'ygypy7hrlpr573l7usybknjq66a334ai', '32y6nyxbq7wijkurfzyrvorzfpc2mpmk', '6cemqe5lg744gohy4vcapxo4gs53rzhb']"
buflblomrjwgeuvawlbjmyzi7wttfcaf,phist,master,0,FAILED,Root Failure,buflblomrjwgeuvawlbjmyzi7wttfcaf,s4iqhzozt7qbpf7qdvgtlci5ujs5xxwa,0,1,3600,/p/vast1/koparasy/BUILD/spack_cluster_installer/quartz/phist/specs/buflblomrjwgeuvawlbjmyzi7wttfcaf.yaml,"['qdum4gzpqdvy7verqstfdkfkdbbmuwwr', 'nnaxyn37rpv4cdnsn6bdq3dwjpjprguk', '6wvvqp3me7kn52zisziksfnloukw3kbm', 'vfycyf7w4awk3uxey57fgivc76amolgx']"
c2s47aypfxsfped7jtxqalnvtbfkq5hb,phist,master,0,FAILED,Root Failure,c2s47aypfxsfped7jtxqalnvtbfkq5hb,t2lzyn7t35codwajlfeshoodz2wrwbm6,0,1,3600,/p/vast1/koparasy/BUILD/spack_cluster_installer/quartz/phist/specs/c2s47aypfxsfped7jtxqalnvtbfkq5hb.yaml,"['wsqt35zdzh6tfz2i3dnek277xcvujbut', 'jsl7r5mwlzon5hijlxtp4kxv2h6khsww', 'zoitcwm3mmoqi6lpjxnayztrwu6in5br', 'bufv2ttl66wolia64nt6wh2xanandsiy']"
csqzwtwksph5grwewokbmrntjqcunngk,phist,master,0,FAILED,Root Failure,csqzwtwksph5grwewokbmrntjqcunngk,ir5pktamtab5w5gvkxlhu2zcx3qqdkhc,0,1,3600,/p/vast1/koparasy/BUILD/spack_cluster_installer/quartz/phist/specs/csqzwtwksph5grwewokbmrntjqcunngk.yaml,"['rjm4hvld3dpi2ixltykozdebn3fbegz4', 'nnaxyn37rpv4cdnsn6bdq3dwjpjprguk', 'va7ravkis2whh76yrjrhlbya42juvaz2', 'mtkvtrd5gwojttkg3ouj4tqssfi53hzi']"
cw473cvcckext6vmoxnywp6yhxk7bnml,phist,1.9.5,0,FAILED,Root Failure,cw473cvcckext6vmoxnywp6yhxk7bnml,gn63s5yctptxhwerccuy7xa7ucfj7y3c,0,1,3600,/p/vast1/koparasy/BUILD/spack_cluster_installer/quartz/phist/specs/cw473cvcckext6vmoxnywp6yhxk7bnml.yaml,"['xuzoopuqc6xedk76f76n2alifrt5llgk', 'qqp27vpskvmkqjsi3qvjwjucjlghnltf', 'wpbb2equvn6ocffiaiolh3qhiv3ozuik']"
dcdipbhuad4ucwctknf2vj34hnc6cg2p,phist,develop,0,FAILED,Root Failure,dcdipbhuad4ucwctknf2vj34hnc6cg2p,aeu4vl6353i4ojlnrd54qukbbkbglggv,0,1,3600,/p/vast1/koparasy/BUILD/spack_cluster_installer/quartz/phist/specs/dcdipbhuad4ucwctknf2vj34hnc6cg2p.yaml,"['3unaychwi57t4y7k6iytrw2ou6jtkamk', 'ygypy7hrlpr573l7usybknjq66a334ai', '5ylf25d2nuxwkiqv3j3qvzhrnqpxgs3v', 's3efrdukpi3zcj4u5djgtmtokeux3nym']"
ddulhjwriemtx5fxtknpveziv7ytlz2k,phist,develop,0,FAILED,Root Failure,ddulhjwriemtx5fxtknpveziv7ytlz2k,y3e6chdgyxopgorii3flamgnprym5e7r,0,1,3600,/p/vast1/koparasy/BUILD/spack_cluster_installer/quartz/phist/specs/ddulhjwriemtx5fxtknpveziv7ytlz2k.yaml,"['uyabpizxmcmo5i237ce7p6jqziuwdtnp', 'ygypy7hrlpr573l7usybknjq66a334ai', 'bwsf7zm23l7uo7jrlmauvq436puvvk2b', 'gujsava7zuyyftjn6plt3d2ihmn5atuv']"
dm6aj6tmihwqax7yrco5lh3ja7nseqdf,phist,1.9.0,0,FAILED,Root Failure,dm6aj6tmihwqax7yrco5lh3ja7nseqdf,aso3pxjv3sv3ibtlee3blku7ooeeydbe,0,1,3600,/p/vast1/koparasy/BUILD/spack_cluster_installer/quartz/phist/specs/dm6aj6tmihwqax7yrco5lh3ja7nseqdf.yaml,"['fm4ireyepeuzbbhzxu52tmdaiw46suw3', 'jwp7o46rihojddbn5s2dxqx672cvcogf', 'nu7rve24orrsc2ievlfwnal4zmdm3kq6']"
dq3xvbvzdg2uwnovmtub6a4wbdkg3ixu,phist,master,0,FAILED,Root Failure,dq3xvbvzdg2uwnovmtub6a4wbdkg3ixu,h4h6q6cggdmosxeqyem4sifs2uwgn57v,0,1,3600,/p/vast1/koparasy/BUILD/spack_cluster_installer/quartz/phist/specs/dq3xvbvzdg2uwnovmtub6a4wbdkg3ixu.yaml,"['qgyod57avvzfkeffeddsiqnklmt7pw2o', 'o67hxbh52k63nf4og7xilfcc2gsfhrcl', '4vl3lfy7q3ccacbramfkhlnoso3zjez6', 'sygg75koa42pbzh6lemsu6mv5egozcwd']"
dssnqlnjiiz42vhfvlkhwckyumxyyvjx,phist,master,0,FAILED,Root Failure,dssnqlnjiiz42vhfvlkhwckyumxyyvjx,mifkachomuphuaituf2erh7idvlmrngl,0,1,3600,/p/vast1/koparasy/BUILD/spack_cluster_installer/quartz/phist/specs/dssnqlnjiiz42vhfvlkhwckyumxyyvjx.yaml,"['gzmgmqmw5tnpoh4vkqnhiwd5j5hx4mvk', '3hqp53udoet3v7jym6kv3gzuwzpcwugf', '5ylf25d2nuxwkiqv3j3qvzhrnqpxgs3v', 's3efrdukpi3zcj4u5djgtmtokeux3nym']"
e3pfwkpc22nbai3lignxrzcvopygezzu,phist,master,0,FAILED,Root Failure,e3pfwkpc22nbai3lignxrzcvopygezzu,hlgbkrqelwrd3dwou3dz3nc54azpetgk,0,1,3600,/p/vast1/koparasy/BUILD/spack_cluster_installer/quartz/phist/specs/e3pfwkpc22nbai3lignxrzcvopygezzu.yaml,"['cuebroshbqpxsgzmzqi3sh4tgfsauzhh', 'sm7tvonxqb65nc4huwkpqd2on2fqtiug', '7f47oejpookmf3ecbjnazq76gfy6nuw6', 'bufv2ttl66wolia64nt6wh2xanandsiy']"
e5xrp2lnjb3tco2ixmjpldhrda3za6sl,phist,master,0,FAILED,Root Failure,e5xrp2lnjb3tco2ixmjpldhrda3za6sl,7kuepgplflplycpxyk22b7lhtsrw3qol,0,1,3600,/p/vast1/koparasy/BUILD/spack_cluster_installer/quartz/phist/specs/e5xrp2lnjb3tco2ixmjpldhrda3za6sl.yaml,"['wsqt35zdzh6tfz2i3dnek277xcvujbut', 'awnrtihztflkpbphnzjfqa7mx6cog7vc', 'f2l264vwrw6uo3cfva3fvligiighc7cd', 'swh4d2xlg77mo2faldfmgaemxqcqqfpx']"
ebexgwkfh7lhvthksaf64b5iaq5fh7se,phist,1.9.6,0,FAILED,Root Failure,ebexgwkfh7lhvthksaf64b5iaq5fh7se,ggsl6ufkvag6yq3wvcaygf6gve7hntnf,0,1,3600,/p/vast1/koparasy/BUILD/spack_cluster_installer/quartz/phist/specs/ebexgwkfh7lhvthksaf64b5iaq5fh7se.yaml,"['oyxo4cjuqp4agyztxxisuwva3l2rru4f', 'oos6gwszelolzfanpnpghhdq6uco6yiq', 'uerfhf2dxzfeeq34cz7oumw6f2nye7kf', 'blx5oevdamsygvihtxj347vgwhchodl4']"
ei72n5kfvwpv6xtqgqy6n2msjjplpwx6,phist,1.7.3,0,FAILED,Root Failure,ei72n5kfvwpv6xtqgqy6n2msjjplpwx6,ftrhgjikkkqd2v7ftnvm6pptxx2jag3h,0,1,3600,/p/vast1/koparasy/BUILD/spack_cluster_installer/quartz/phist/specs/ei72n5kfvwpv6xtqgqy6n2msjjplpwx6.yaml,"['2polunnjoafbfmvqxcikvj4x7zuqxc5u', 'jgdnf36xdd7wwged5ugbpnqugvuyndji', 'nu7rve24orrsc2ievlfwnal4zmdm3kq6']"
ep2xqoltf3yrs7ucvzdki5xllspxgtvn,phist,1.9.6,0,FAILED,Root Failure,ep2xqoltf3yrs7ucvzdki5xllspxgtvn,ngd34l6sq7le3lyrc6unk46hrfyjmyvs,0,1,3600,/p/vast1/koparasy/BUILD/spack_cluster_installer/quartz/phist/specs/ep2xqoltf3yrs7ucvzdki5xllspxgtvn.yaml,"['kdnl3rlh2xgikkgby3xpomo5q2y3kfev', 'ygypy7hrlpr573l7usybknjq66a334ai', 'ntv6ad3f3cii5lhhbobjik4dw34tsi2y', '2pju6ia2266tn4vy6dolt6e2oygdpyet']"
er54pqe46qjd4i32ygd2hcbupbrb5xpr,phist,master,0,FAILED,Root Failure,er54pqe46qjd4i32ygd2hcbupbrb5xpr,hzqc62h2sau2d5dghivxu5xeq3vm3eqw,0,1,3600,/p/vast1/koparasy/BUILD/spack_cluster_installer/quartz/phist/specs/er54pqe46qjd4i32ygd2hcbupbrb5xpr.yaml,"['okwpzdocjdmo3kshjl5m366tdoriw72q', 'qao2iw6bdjj5a6bwmda4f7xqf6lhvu2z', 'qfqhgzmtl2zvjx4z4em22nxgmvxv6fuz', 'swh4d2xlg77mo2faldfmgaemxqcqqfpx']"
evpqx5jrh2yohgtopww3uovm6evdje2a,phist,1.9.2,0,FAILED,Root Failure,evpqx5jrh2yohgtopww3uovm6evdje2a,vtcpswmaarachsg7t6qwjze2djinq77d,0,1,3600,/p/vast1/koparasy/BUILD/spack_cluster_installer/quartz/phist/specs/evpqx5jrh2yohgtopww3uovm6evdje2a.yaml,"['czx77cju2ztjwnioi3nu66xyv6pgohg6', 'qao2iw6bdjj5a6bwmda4f7xqf6lhvu2z', 'bwsf7zm23l7uo7jrlmauvq436puvvk2b', 'yqfosp3x5hkkrullaxgbrnmqe3s3pmuy']"
eyws4jz2tsu75lggmkq42kr24df5sc4s,phist,master,0,FAILED,Root Failure,eyws4jz2tsu75lggmkq42kr24df5sc4s,3r24sx42bmzw64djsputqyzltaei24l7,0,1,3600,/p/vast1/koparasy/BUILD/spack_cluster_installer/quartz/phist/specs/eyws4jz2tsu75lggmkq42kr24df5sc4s.yaml,"['s7dakpotlx4eu4ctugpgnwnjg4nagq6w', 'piol2hoakmpxu4jmihya3hfisbwwat7p', 'a64dsl63tlgf6oo64trc62s3bqdef3rz', 'ccgudhcksxjs5pdmyedd7wojx47w7uih']"
f42cad5vpyq2sitiwpfyhf42jlbir45n,phist,develop,0,FAILED,Root Failure,f42cad5vpyq2sitiwpfyhf42jlbir45n,37kmbbqtnmfxkpzfra7mpqq3zyyogijq,0,1,3600,/p/vast1/koparasy/BUILD/spack_cluster_installer/quartz/phist/specs/f42cad5vpyq2sitiwpfyhf42jlbir45n.yaml,"['fcmgle4uau2xzbnilxj4pifskp4aadrz', 'piol2hoakmpxu4jmihya3hfisbwwat7p', 'ts6limkslso6zu72naiaolcpob6qc6zm', 'kxto7byos6uxahl674u36teq4lkwx7ng']"
f6lsi3bbinlicpzn2vw32rjc476sexks,phist,master,0,FAILED,Root Failure,f6lsi3bbinlicpzn2vw32rjc476sexks,ijbxw3b7wxb5rfbcrnobcxzanuqms242,0,1,3600,/p/vast1/koparasy/BUILD/spack_cluster_installer/quartz/phist/specs/f6lsi3bbinlicpzn2vw32rjc476sexks.yaml,"['xoh5dfpj74wuz7vfwubmoobpfekx2xwp', 'unrvf6ehypzcbivpfz3d3a6wwj7ab4bi', '5ylf25d2nuxwkiqv3j3qvzhrnqpxgs3v', 'adugbxkbcrodzkf5ftmuhn37tiun44ru']"
fa26srhiqbluqr6cd3yvogpjk6n6npxs,phist,master,0,FAILED,Root Failure,fa26srhiqbluqr6cd3yvogpjk6n6npxs,7zbiqmbhqxrhmjf4ulmkc6xrkae7qju4,0,1,3600,/p/vast1/koparasy/BUILD/spack_cluster_installer/quartz/phist/specs/fa26srhiqbluqr6cd3yvogpjk6n6npxs.yaml,"['vt7lide4cpukeofm25vp7cxvwbfbb55g', '3hqp53udoet3v7jym6kv3gzuwzpcwugf', 'enmph22kij4dkoywh774utctv74v22o2', 'xfuvvfr4i4tjs5lykm4oszvtsukl2773']"
fmmmbme2syckszocaaj23tppotltmixa,phist,1.9.6,0,FAILED,Root Failure,fmmmbme2syckszocaaj23tppotltmixa,rqoxpcva5hr7mshupv6n4k27xmnf6x4j,0,1,3600,/p/vast1/koparasy/BUILD/spack_cluster_installer/quartz/phist/specs/fmmmbme2syckszocaaj23tppotltmixa.yaml,"['2polunnjoafbfmvqxcikvj4x7zuqxc5u', 'qao2iw6bdjj5a6bwmda4f7xqf6lhvu2z', 'f2l264vwrw6uo3cfva3fvligiighc7cd', 'swh4d2xlg77mo2faldfmgaemxqcqqfpx']"
fsmjsj47omhp2ye2gibjkdeblrjkhsza,phist,1.9.4,0,FAILED,Root Failure,fsmjsj47omhp2ye2gibjkdeblrjkhsza,slzztpufznwcss62z66asruklwy663zf,0,1,3600,/p/vast1/koparasy/BUILD/spack_cluster_installer/quartz/phist/specs/fsmjsj47omhp2ye2gibjkdeblrjkhsza.yaml,"['3unaychwi57t4y7k6iytrw2ou6jtkamk', 'qao2iw6bdjj5a6bwmda4f7xqf6lhvu2z', '4vl3lfy7q3ccacbramfkhlnoso3zjez6', 'yqfosp3x5hkkrullaxgbrnmqe3s3pmuy']"
fxh3b4royp7ij67k5q5xfrl5tzsbxxuy,phist,1.9.6,0,FAILED,Root Failure,fxh3b4royp7ij67k5q5xfrl5tzsbxxuy,jtaa6mjwfdb5mnnbjk76fbjahpgxseqx,0,1,3600,/p/vast1/koparasy/BUILD/spack_cluster_installer/quartz/phist/specs/fxh3b4royp7ij67k5q5xfrl5tzsbxxuy.yaml,"['qgyod57avvzfkeffeddsiqnklmt7pw2o', 'rq6s2a5f726vcpa4lrpyipn6q2phmqvt', '5ylf25d2nuxwkiqv3j3qvzhrnqpxgs3v', 'i3q3bj3klzfi76vhgjp6eqlwtnmyhtkn']"
gcfsxjclb6ymfwh5trlvk4dxsf66g34o,phist,1.7.5,0,FAILED,Root Failure,gcfsxjclb6ymfwh5trlvk4dxsf66g34o,o5khcep4n22fvfglnxlihyrlnculjtlw,0,1,3600,/p/vast1/koparasy/BUILD/spack_cluster_installer/quartz/phist/specs/gcfsxjclb6ymfwh5trlvk4dxsf66g34o.yaml,"['z6wk4st2lbp7cjklrfnax3sffnk4xrn5', 'iydzwjtukn3hvfyqkmnaigsg5kmsvzei', '5ylf25d2nuxwkiqv3j3qvzhrnqpxgs3v']"
gki3ldhvw72hiydgd2sgs33dzjkskb5s,phist,develop,0,FAILED,Root Failure,gki3ldhvw72hiydgd2sgs33dzjkskb5s,k26bk2bv47zyeegndarfono36lndaufe,0,1,3600,/p/vast1/koparasy/BUILD/spack_cluster_installer/quartz/phist/specs/gki3ldhvw72hiydgd2sgs33dzjkskb5s.yaml,"['sxb7ugm75yg7kvlz6h43vyhqyotkv3df', 'ygypy7hrlpr573l7usybknjq66a334ai', 'ntv6ad3f3cii5lhhbobjik4dw34tsi2y', 'qdh3aj7hhwaq7sieqvhhx3l6ng42yh4z']"
heuyn3n6viwgleivmf5bttipdhmvz46s,phist,master,0,FAILED,Root Failure,heuyn3n6viwgleivmf5bttipdhmvz46s,u5vxpcfnhhzykarxcvphdrglw2oxucjg,0,1,3600,/p/vast1/koparasy/BUILD/spack_cluster_installer/quartz/phist/specs/heuyn3n6viwgleivmf5bttipdhmvz46s.yaml,"['b72qqg2ac3qxc2itl272eqagvor2eccu', 'rq6s2a5f726vcpa4lrpyipn6q2phmqvt', 'bwsf7zm23l7uo7jrlmauvq436puvvk2b', 'yvlarfkbgcoxgh7c2h5uai4baw367knl']"
hhstufonwsgurffsvu2z24wwumbrdelo,phist,develop,0,FAILED,Root Failure,hhstufonwsgurffsvu2z24wwumbrdelo,ddw6xpnmmc3jc2rs5mggyfgb6jlrvrym,0,1,3600,/p/vast1/koparasy/BUILD/spack_cluster_installer/quartz/phist/specs/hhstufonwsgurffsvu2z24wwumbrdelo.yaml,"['lleeoexgamf2bh5a3ifujra4cvhuq4f6', 'o67hxbh52k63nf4og7xilfcc2gsfhrcl', 'bwsf7zm23l7uo7jrlmauvq436puvvk2b', 'hwqqsa7fn56hlxqsfske22y4qm5cwmpt']"
hj47k73wva4ogueadnhkpnvh47dy36fe,phist,1.9.6,0,FAILED,Root Failure,hj47k73wva4ogueadnhkpnvh47dy36fe,ghaqfruj67pxk3cxvfoandkxiv3pdrvc,0,1,3600,/p/vast1/koparasy/BUILD/spack_cluster_installer/quartz/phist/specs/hj47k73wva4ogueadnhkpnvh47dy36fe.yaml,"['okwpzdocjdmo3kshjl5m366tdoriw72q', 'ygypy7hrlpr573l7usybknjq66a334ai', 'ts6limkslso6zu72naiaolcpob6qc6zm', 'dfk4u6fckjgzslvnqyhyez352nvhgr7z']"
hxvsx7gzzteazypewtw4oubotdw3xv4k,phist,1.7.5,0,FAILED,Root Failure,hxvsx7gzzteazypewtw4oubotdw3xv4k,3yiltgsgcgiaot2x74ipzsk5lhvwhoy4,0,1,3600,/p/vast1/koparasy/BUILD/spack_cluster_installer/quartz/phist/specs/hxvsx7gzzteazypewtw4oubotdw3xv4k.yaml,"['eqjwss2dh4qzumpe65az7z6g2cq6cnpt', 'o67hxbh52k63nf4og7xilfcc2gsfhrcl', '5ylf25d2nuxwkiqv3j3qvzhrnqpxgs3v', 'yqfosp3x5hkkrullaxgbrnmqe3s3pmuy']"
i5tjthu4arqkqcwuc5nhgxsiov5setgp,phist,master,0,FAILED,Root Failure,i5tjthu4arqkqcwuc5nhgxsiov5setgp,xr6g7kokrb4alc7yhvgsz7y5wkrpi5yx,0,1,3600,/p/vast1/koparasy/BUILD/spack_cluster_installer/quartz/phist/specs/i5tjthu4arqkqcwuc5nhgxsiov5setgp.yaml,"['lzivlklhrrdzq5yy4ufp5pdcnpeouy57', 'w5kuvoeq43pe642gezzdd4at5pmwi7le', 'e4gzs3dduvc65i56avfdbyvn4hervnp6']"
iq2cqyhdy6osvghnomnckku65eihhq2k,phist,master,0,FAILED,Root Failure,iq2cqyhdy6osvghnomnckku65eihhq2k,g7m3gv3dni74g4xo7gshstmqj5jknps2,0,1,3600,/p/vast1/koparasy/BUILD/spack_cluster_installer/quartz/phist/specs/iq2cqyhdy6osvghnomnckku65eihhq2k.yaml,"['3gsn4le7stkw4enroe2oljii4npbqsyu', 'qao2iw6bdjj5a6bwmda4f7xqf6lhvu2z', 'wpbb2equvn6ocffiaiolh3qhiv3ozuik', 'rheabbmfxshe7nf5x6yfcaombbh47rv6']"
iqbwx6doqjzo6ifkmfd2dzptajavuklu,phist,master,0,FAILED,Root Failure,iqbwx6doqjzo6ifkmfd2dzptajavuklu,b4rci7fdox4ufxdbmcgcnzbvbnj57vv6,0,1,3600,/p/vast1/koparasy/BUILD/spack_cluster_installer/quartz/phist/specs/iqbwx6doqjzo6ifkmfd2dzptajavuklu.yaml,"['i2v57gykhuszf366o6zf4itdcieajcj2', 'sm7tvonxqb65nc4huwkpqd2on2fqtiug', 'wpbb2equvn6ocffiaiolh3qhiv3ozuik', 'dfk4u6fckjgzslvnqyhyez352nvhgr7z']"
j3fzyn6lh5be3itg6jjzw6rqpdbpy33i,phist,1.9.6,0,FAILED,Root Failure,j3fzyn6lh5be3itg6jjzw6rqpdbpy33i,p6taakhcq43z3rh5qjtefw6kzxqs4rrm,0,1,3600,/p/vast1/koparasy/BUILD/spack_cluster_installer/quartz/phist/specs/j3fzyn6lh5be3itg6jjzw6rqpdbpy33i.yaml,"['xuzoopuqc6xedk76f76n2alifrt5llgk', 'qao2iw6bdjj5a6bwmda4f7xqf6lhvu2z', 'zoitcwm3mmoqi6lpjxnayztrwu6in5br', 'do5qxxyqs5zd3pl6fspym22uck3tgfhv']"
j7zal2ixboewldi3telwt2zwsvkudokd,phist,1.9.6,0,FAILED,Root Failure,j7zal2ixboewldi3telwt2zwsvkudokd,qvywbdecfu6zmcax7mtmof3f6tl3ouls,0,1,3600,/p/vast1/koparasy/BUILD/spack_cluster_installer/quartz/phist/specs/j7zal2ixboewldi3telwt2zwsvkudokd.yaml,"['uyabpizxmcmo5i237ce7p6jqziuwdtnp', 'rq6s2a5f726vcpa4lrpyipn6q2phmqvt', 'enmph22kij4dkoywh774utctv74v22o2', 'g53g2cc3hgjbfeqznw3cfkccbz4wv2oo']"
kgukuq5mql3vrhezzmebelccd3gzjrzq,phist,master,0,FAILED,Root Failure,kgukuq5mql3vrhezzmebelccd3gzjrzq,3kiewahf4d7amqlrxse5c2gdd5jxojrr,0,1,3600,/p/vast1/koparasy/BUILD/spack_cluster_installer/quartz/phist/specs/kgukuq5mql3vrhezzmebelccd3gzjrzq.yaml,"['xuzoopuqc6xedk76f76n2alifrt5llgk', 'jsl7r5mwlzon5hijlxtp4kxv2h6khsww', '5ylf25d2nuxwkiqv3j3qvzhrnqpxgs3v', 'yqfosp3x5hkkrullaxgbrnmqe3s3pmuy']"
kigvflzc3sfw34hzey5jr34k6wf2aqx7,phist,develop,0,FAILED,Root Failure,kigvflzc3sfw34hzey5jr34k6wf2aqx7,5vdfq62liaoi2ibgdaxxrlqk6a5suscv,0,1,3600,/p/vast1/koparasy/BUILD/spack_cluster_installer/quartz/phist/specs/kigvflzc3sfw34hzey5jr34k6wf2aqx7.yaml,"['k73wib26wtzh4k5dpofvkb2adrrfwcpx', 'jsl7r5mwlzon5hijlxtp4kxv2h6khsww', 'va7ravkis2whh76yrjrhlbya42juvaz2', 'cbrwtopprulbz7y5xcwh22jglhwuffel']"
kznyulehg7yqmhtudhijqpo3xxeldnmg,phist,1.9.6,0,FAILED,Root Failure,kznyulehg7yqmhtudhijqpo3xxeldnmg,q2smbml6yeqazsufluad5zgi33s7bmy5,0,1,3600,/p/vast1/koparasy/BUILD/spack_cluster_installer/quartz/phist/specs/kznyulehg7yqmhtudhijqpo3xxeldnmg.yaml,"['x57cd2yb5bh5lmm3rluojucbqqnegit4', 'jsl7r5mwlzon5hijlxtp4kxv2h6khsww', 'e4gzs3dduvc65i56avfdbyvn4hervnp6', '2zzwified64bq55s3wtt6aq2hv4m7qp4']"
lfhlxbxkw2v2c5ck7flucwbnelzzaygq,phist,master,0,FAILED,Root Failure,lfhlxbxkw2v2c5ck7flucwbnelzzaygq,rcldm6ahexcc4gsekz6rfykdwstefeon,0,1,3600,/p/vast1/koparasy/BUILD/spack_cluster_installer/quartz/phist/specs/lfhlxbxkw2v2c5ck7flucwbnelzzaygq.yaml,"['i2v57gykhuszf366o6zf4itdcieajcj2', 'o67hxbh52k63nf4og7xilfcc2gsfhrcl', 'f2l264vwrw6uo3cfva3fvligiighc7cd', 'mddp7kece3bbmer4r5wtjbsdvha2ewrp']"
ljucxbwsxtnspihapwjodt2kmhl6axgu,phist,master,0,FAILED,Root Failure,ljucxbwsxtnspihapwjodt2kmhl6axgu,duibert24de6lbrt34msmkrur3p66fbm,0,1,3600,/p/vast1/koparasy/BUILD/spack_cluster_installer/quartz/phist/specs/ljucxbwsxtnspihapwjodt2kmhl6axgu.yaml,"['xoh5dfpj74wuz7vfwubmoobpfekx2xwp', 'sm7tvonxqb65nc4huwkpqd2on2fqtiug', 'qfqhgzmtl2zvjx4z4em22nxgmvxv6fuz', 'sygg75koa42pbzh6lemsu6mv5egozcwd']"
mak5mi44r5rr6xdc5hoxqad4ylx3hkyb,phist,master,0,FAILED,Root Failure,mak5mi44r5rr6xdc5hoxqad4ylx3hkyb,v45uib4penqo2e7dwpyijqfz47jzj2ur,0,1,3600,/p/vast1/koparasy/BUILD/spack_cluster_installer/quartz/phist/specs/mak5mi44r5rr6xdc5hoxqad4ylx3hkyb.yaml,"['qgyod57avvzfkeffeddsiqnklmt7pw2o', 'qao2iw6bdjj5a6bwmda4f7xqf6lhvu2z', 'ntv6ad3f3cii5lhhbobjik4dw34tsi2y', 'hwqqsa7fn56hlxqsfske22y4qm5cwmpt']"
mc4vp7j7pwte23ifkevmog42ayom7lkg,phist,1.9.1,0,FAILED,Root Failure,mc4vp7j7pwte23ifkevmog42ayom7lkg,vr5iyt6qdasxprs7sfwk2huyiuoubdfm,0,1,3600,/p/vast1/koparasy/BUILD/spack_cluster_installer/quartz/phist/specs/mc4vp7j7pwte23ifkevmog42ayom7lkg.yaml,"['3unaychwi57t4y7k6iytrw2ou6jtkamk', 'jwp7o46rihojddbn5s2dxqx672cvcogf', 'bwsf7zm23l7uo7jrlmauvq436puvvk2b']"
mccu4oar3abrvuxocal4pht7qjzje5cz,phist,1.7.5,0,FAILED,Root Failure,mccu4oar3abrvuxocal4pht7qjzje5cz,qvdqe3gqmrvj2pkblldxzgvleucwyleq,0,1,3600,/p/vast1/koparasy/BUILD/spack_cluster_installer/quartz/phist/specs/mccu4oar3abrvuxocal4pht7qjzje5cz.yaml,"['ntzozvjjwznqyjkm7gqkljobim4f3oos', 'tuvjl4ygjzmkc6twhcunrhrajxf3q5ka', 'qbx2cckwws5nn4kmmg5u7wdg6up44gul']"
mf2pbshnw7srd5lkanf3evyry6tavn2x,phist,1.7.5,0,FAILED,Root Failure,mf2pbshnw7srd5lkanf3evyry6tavn2x,pbul72kiosewjicffgnstmmkedgufkzn,0,1,3600,/p/vast1/koparasy/BUILD/spack_cluster_installer/quartz/phist/specs/mf2pbshnw7srd5lkanf3evyry6tavn2x.yaml,"['urgd3icyegjxo43r37uelgc435b5gopu', 'c52ws726gxbx5p44zkb2yjivtypafj7c', 'e4gzs3dduvc65i56avfdbyvn4hervnp6']"
ntfa24sqdrdytl4ybo2jjfuzsyi34m7i,phist,master,0,FAILED,Root Failure,ntfa24sqdrdytl4ybo2jjfuzsyi34m7i,vl2ycbeewjgq5ezbkfht6mpxhlvcjukf,0,1,3600,/p/vast1/koparasy/BUILD/spack_cluster_installer/quartz/phist/specs/ntfa24sqdrdytl4ybo2jjfuzsyi34m7i.yaml,"['elupkehd3uhq54xgxarsfic77hkj5373', 'oos6gwszelolzfanpnpghhdq6uco6yiq', 'a64dsl63tlgf6oo64trc62s3bqdef3rz', 'ecxbetovirwrg4gwcbf7edbp77tgmkbz']"
o5i5lnqrapvkzisyv24puakp6n4txsgh,phist,1.9.6,0,FAILED,Root Failure,o5i5lnqrapvkzisyv24puakp6n4txsgh,iur4k3u4v6z3cr2n47toz5cq3miwy7hb,0,1,3600,/p/vast1/koparasy/BUILD/spack_cluster_installer/quartz/phist/specs/o5i5lnqrapvkzisyv24puakp6n4txsgh.yaml,"['ajn6ok446bp5ckp2tgt5cssokfk6xdkh', 'nnaxyn37rpv4cdnsn6bdq3dwjpjprguk', 'ackaa2l4svlmygwwfnzddif7yk6vmngp', 'xre56drzhh5zil5vye3vyfqgiytsuleu']"
ogo35vw272xfcprcb5sa3mpmdkkcgoh6,phist,1.9.6,0,FAILED,Root Failure,ogo35vw272xfcprcb5sa3mpmdkkcgoh6,nuwql4ratgbgiq6v5xduwp6s4ndhptev,0,1,3600,/p/vast1/koparasy/BUILD/spack_cluster_installer/quartz/phist/specs/ogo35vw272xfcprcb5sa3mpmdkkcgoh6.yaml,"['oyxo4cjuqp4agyztxxisuwva3l2rru4f', 'jsl7r5mwlzon5hijlxtp4kxv2h6khsww', '32y6nyxbq7wijkurfzyrvorzfpc2mpmk', '466r3kdphiqvpanyhzxfi3dkbceeoq3r']"
p6nk6kkacpbvolrs3cxoo5stdn4gmi5r,phist,1.9.5,0,FAILED,Root Failure,p6nk6kkacpbvolrs3cxoo5stdn4gmi5r,hw2jvwm2jdmo23hb4wv5zftlmdupewdc,0,1,3600,/p/vast1/koparasy/BUILD/spack_cluster_installer/quartz/phist/specs/p6nk6kkacpbvolrs3cxoo5stdn4gmi5r.yaml,"['xpc5vskg2gaff732g22r6m5mzxrvtlcd', 'jsl7r5mwlzon5hijlxtp4kxv2h6khsww', '5ylf25d2nuxwkiqv3j3qvzhrnqpxgs3v', 'yqfosp3x5hkkrullaxgbrnmqe3s3pmuy']"
pbsnfgt3656yv7rzbnssozh7sck47yub,phist,master,0,FAILED,Root Failure,pbsnfgt3656yv7rzbnssozh7sck47yub,6ecyfs52ak7tet66sd2meezayqjubhk4,0,1,3600,/p/vast1/koparasy/BUILD/spack_cluster_installer/quartz/phist/specs/pbsnfgt3656yv7rzbnssozh7sck47yub.yaml,"['c5p4p2ybhvuk2ddjlznqvufgro7kaoyj', 'unrvf6ehypzcbivpfz3d3a6wwj7ab4bi', 'zoitcwm3mmoqi6lpjxnayztrwu6in5br', 's3efrdukpi3zcj4u5djgtmtokeux3nym']"
pfaw2r6kmtmzlnyw7ojback4m5mue2df,phist,develop,0,FAILED,Root Failure,pfaw2r6kmtmzlnyw7ojback4m5mue2df,cun47gv2yxsu5p7xyspcjsud7ctgufsk,0,1,3600,/p/vast1/koparasy/BUILD/spack_cluster_installer/quartz/phist/specs/pfaw2r6kmtmzlnyw7ojback4m5mue2df.yaml,"['mb2haqjmjbmwwgik45gwfj2ghwi6ygto', 'pgpzgajsqpbujo5on4zavxbked6nijyv', '5ylf25d2nuxwkiqv3j3qvzhrnqpxgs3v', 'xqsabk7k7xztrevnafvxwsfvriqbewbg']"
pfbrm7bncf4yzzys6hfcasezxq6ptbt3,phist,develop,0,FAILED,Root Failure,pfbrm7bncf4yzzys6hfcasezxq6ptbt3,uja2ank7qtpndixxkvxyyu7bkiivwp4j,0,1,3600,/p/vast1/koparasy/BUILD/spack_cluster_installer/quartz/phist/specs/pfbrm7bncf4yzzys6hfcasezxq6ptbt3.yaml,"['qgyod57avvzfkeffeddsiqnklmt7pw2o', 'nnaxyn37rpv4cdnsn6bdq3dwjpjprguk', '32y6nyxbq7wijkurfzyrvorzfpc2mpmk', '76t4pn4dtwjfg3vxsneywrteye7o3o2u']"
powaj64y4uvcabhtg4yo2avkhrtxegs6,phist,1.9.0,0,FAILED,Root Failure,powaj64y4uvcabhtg4yo2avkhrtxegs6,mztr2ylylfno24n7h7lw3vcytwlams2c,0,1,3600,/p/vast1/koparasy/BUILD/spack_cluster_installer/quartz/phist/specs/powaj64y4uvcabhtg4yo2avkhrtxegs6.yaml,"['ajn6ok446bp5ckp2tgt5cssokfk6xdkh', 'ygypy7hrlpr573l7usybknjq66a334ai', 'a64dsl63tlgf6oo64trc62s3bqdef3rz', 'hnhnmd3jslo76lpivjlkxepo5noqcapo']"
q5sabfqelp4yot7mv53cearo4a6oxml6,phist,master,0,FAILED,Root Failure,q5sabfqelp4yot7mv53cearo4a6oxml6,wytc2hemklib6h32zfp3u3xrirnhjcsf,0,1,3600,/p/vast1/koparasy/BUILD/spack_cluster_installer/quartz/phist/specs/q5sabfqelp4yot7mv53cearo4a6oxml6.yaml,"['nu7hl4exprhcdxak2ys6m32uvd46jjzb', 'sm7tvonxqb65nc4huwkpqd2on2fqtiug', '5ylf25d2nuxwkiqv3j3qvzhrnqpxgs3v', 'vtlk5yenrh5wgpzgyp6z5bh23o4pmfzn']"
qaglp3aonbetfgjolxk7o4bh7ua4f7nn,phist,1.9.6,0,FAILED,Root Failure,qaglp3aonbetfgjolxk7o4bh7ua4f7nn,llyk6e3lfpyzbxb7edmbflm7zxzsvp57,0,1,3600,/p/vast1/koparasy/BUILD/spack_cluster_installer/quartz/phist/specs/qaglp3aonbetfgjolxk7o4bh7ua4f7nn.yaml,"['332tygc22qycht4oybbwqpo5pmvkpx7h', 'jsl7r5mwlzon5hijlxtp4kxv2h6khsww', 'enmph22kij4dkoywh774utctv74v22o2', 'do5qxxyqs5zd3pl6fspym22uck3tgfhv']"
r4e565bly3d2mbmttihcqujyacwvrzew,phist,master,0,FAILED,Root Failure,r4e565bly3d2mbmttihcqujyacwvrzew,c3mwjthsaoiigmsbatmlxv2xychauro4,0,1,3600,/p/vast1/koparasy/BUILD/spack_cluster_installer/quartz/phist/specs/r4e565bly3d2mbmttihcqujyacwvrzew.yaml,"['lbpam6wrjq2wvbwursykmvrhgofchnek', 'piol2hoakmpxu4jmihya3hfisbwwat7p', '32y6nyxbq7wijkurfzyrvorzfpc2mpmk', 'ecxbetovirwrg4gwcbf7edbp77tgmkbz']"
rdechim7yu7ziq4st464cq7fmt3mjkuq,phist,master,0,FAILED,Root Failure,rdechim7yu7ziq4st464cq7fmt3mjkuq,3mz3h32hpin7xlwllrr7n55cqlkocqk3,0,1,3600,/p/vast1/koparasy/BUILD/spack_cluster_installer/quartz/phist/specs/rdechim7yu7ziq4st464cq7fmt3mjkuq.yaml,"['2polunnjoafbfmvqxcikvj4x7zuqxc5u', 'nnaxyn37rpv4cdnsn6bdq3dwjpjprguk', 'wpbb2equvn6ocffiaiolh3qhiv3ozuik', 'hnhnmd3jslo76lpivjlkxepo5noqcapo']"
ri3sw6oqprggk27m25phvlefcdfessbr,phist,master,0,FAILED,Root Failure,ri3sw6oqprggk27m25phvlefcdfessbr,mfigfydnfbxptd6rclevzmn5wwutrchk,0,1,3600,/p/vast1/koparasy/BUILD/spack_cluster_installer/quartz/phist/specs/ri3sw6oqprggk27m25phvlefcdfessbr.yaml,"['5ay64uvfayabsrle65lzic5bqzfzh6iy', 'jsl7r5mwlzon5hijlxtp4kxv2h6khsww', '6wvvqp3me7kn52zisziksfnloukw3kbm', 'xqsabk7k7xztrevnafvxwsfvriqbewbg']"
rlcl4tcka2hncikg5mnjr7lmuhm5mvmy,phist,1.9.6,0,FAILED,Root Failure,rlcl4tcka2hncikg5mnjr7lmuhm5mvmy,pcd2mdur4hz6zmueabvw5vqgl7ecomuj,0,1,3600,/p/vast1/koparasy/BUILD/spack_cluster_installer/quartz/phist/specs/rlcl4tcka2hncikg5mnjr7lmuhm5mvmy.yaml,"['elupkehd3uhq54xgxarsfic77hkj5373', 'ygypy7hrlpr573l7usybknjq66a334ai', 'nu7rve24orrsc2ievlfwnal4zmdm3kq6', 'hnhnmd3jslo76lpivjlkxepo5noqcapo']"
ryismkashgtdu2kxpnz3uuhqgwfldhaz,phist,develop,0,FAILED,Root Failure,ryismkashgtdu2kxpnz3uuhqgwfldhaz,s2lq47iurdp7c3mjdq27rpzfy3aiatui,0,1,3600,/p/vast1/koparasy/BUILD/spack_cluster_installer/quartz/phist/specs/ryismkashgtdu2kxpnz3uuhqgwfldhaz.yaml,"['a6yjpcj2u4xrhnoh265r6nv2wcpagmx4', '3hqp53udoet3v7jym6kv3gzuwzpcwugf', 'zoitcwm3mmoqi6lpjxnayztrwu6in5br', '2pju6ia2266tn4vy6dolt6e2oygdpyet']"
s3te7lnnoujzqepqnql6mn2qfd4kchwd,phist,1.9.6,0,FAILED,Root Failure,s3te7lnnoujzqepqnql6mn2qfd4kchwd,tzspspr3t5btjbq4cnn5624n3oih5vll,0,1,3600,/p/vast1/koparasy/BUILD/spack_cluster_installer/quartz/phist/specs/s3te7lnnoujzqepqnql6mn2qfd4kchwd.yaml,"['b72qqg2ac3qxc2itl272eqagvor2eccu', 'unrvf6ehypzcbivpfz3d3a6wwj7ab4bi', '7f47oejpookmf3ecbjnazq76gfy6nuw6', 'ya3luux2r7itkznf5t6ppfy2dyij326h']"
s7h44fjtpodvtdpfjnewkdd435vtjrov,phist,1.7.3,0,FAILED,Root Failure,s7h44fjtpodvtdpfjnewkdd435vtjrov,g4bjvmsw2mglcx3jmpzqbmy7njur25oz,0,1,3600,/p/vast1/koparasy/BUILD/spack_cluster_installer/quartz/phist/specs/s7h44fjtpodvtdpfjnewkdd435vtjrov.yaml,"['lymfavcob5jbzuimhvhjjs2uxi2ihyn2', 'flkj2bvk4phdosupzutjtmtjv3bqzl6n', 'qfqhgzmtl2zvjx4z4em22nxgmvxv6fuz']"
sfiglx6tkpvdfwwcegae7tyz2z2ryczf,phist,develop,0,FAILED,Root Failure,sfiglx6tkpvdfwwcegae7tyz2z2ryczf,apkfbevrxse7w2ktd43nw335fpok6x4m,0,1,3600,/p/vast1/koparasy/BUILD/spack_cluster_installer/quartz/phist/specs/sfiglx6tkpvdfwwcegae7tyz2z2ryczf.yaml,"['xuzoopuqc6xedk76f76n2alifrt5llgk', 'piol2hoakmpxu4jmihya3hfisbwwat7p', 'f2l264vwrw6uo3cfva3fvligiighc7cd', 'qdh3aj7hhwaq7sieqvhhx3l6ng42yh4z']"
sgrsbisrrzfaqvhe3bok3vm7azgr247g,phist,1.9.6,0,FAILED,Root Failure,sgrsbisrrzfaqvhe3bok3vm7azgr247g,twdiwbcvgv326bnvw4qy3nu5cgxcbpv3,0,1,3600,/p/vast1/koparasy/BUILD/spack_cluster_installer/quartz/phist/specs/sgrsbisrrzfaqvhe3bok3vm7azgr247g.yaml,"['2fvwcsqfxv6trc3ucje34ywir3ep2ebm', 'o67hxbh52k63nf4og7xilfcc2gsfhrcl', 'uerfhf2dxzfeeq34cz7oumw6f2nye7kf', 'xqsabk7k7xztrevnafvxwsfvriqbewbg']"
sni63ocmam672h4w6anhbdr5mx6nvo2g,phist,master,0,FAILED,Root Failure,sni63ocmam672h4w6anhbdr5mx6nvo2g,vafuokkmfflcyrygq4lly3eeh5aqri2b,0,1,3600,/p/vast1/koparasy/BUILD/spack_cluster_installer/quartz/phist/specs/sni63ocmam672h4w6anhbdr5mx6nvo2g.yaml,"['elupkehd3uhq54xgxarsfic77hkj5373', 'mwymexbilx5ucji7ys4kefu2uhshwoio', '5ylf25d2nuxwkiqv3j3qvzhrnqpxgs3v']"
snlgt7sbw2iidhlxpsxoofnkbma2fl5l,phist,1.9.6,0,FAILED,Root Failure,snlgt7sbw2iidhlxpsxoofnkbma2fl5l,4leggpd7knbxxtuiavvksxrq432bsloz,0,1,3600,/p/vast1/koparasy/BUILD/spack_cluster_installer/quartz/phist/specs/snlgt7sbw2iidhlxpsxoofnkbma2fl5l.yaml,"['6xd2dipbxw2sp6guc6zmzfuidzk6c3tu', 'sm7tvonxqb65nc4huwkpqd2on2fqtiug', 'ts6limkslso6zu72naiaolcpob6qc6zm', 'xre56drzhh5zil5vye3vyfqgiytsuleu']"
swlk6em2jshivukzwoakk4hkuu4ovxvu,phist,master,0,FAILED,Root Failure,swlk6em2jshivukzwoakk4hkuu4ovxvu,kkt7f2o5clihkqhcrwgprlt64pq224t7,0,1,3600,/p/vast1/koparasy/BUILD/spack_cluster_installer/quartz/phist/specs/swlk6em2jshivukzwoakk4hkuu4ovxvu.yaml,"['k73wib26wtzh4k5dpofvkb2adrrfwcpx', 'ygypy7hrlpr573l7usybknjq66a334ai', 'enmph22kij4dkoywh774utctv74v22o2', '6cemqe5lg744gohy4vcapxo4gs53rzhb']"
swomafukrmjqap2g5svltvlkre6eael7,phist,develop,0,FAILED,Root Failure,swomafukrmjqap2g5svltvlkre6eael7,t4cpwjk2efmgeihfxq4ukbhxykczdd3a,0,1,3600,/p/vast1/koparasy/BUILD/spack_cluster_installer/quartz/phist/specs/swomafukrmjqap2g5svltvlkre6eael7.yaml,"['t67x44ity5fi57yohgr5r7g7afhv4q6f', 'qao2iw6bdjj5a6bwmda4f7xqf6lhvu2z', 'bwsf7zm23l7uo7jrlmauvq436puvvk2b', '76t4pn4dtwjfg3vxsneywrteye7o3o2u']"
taetxzhwnpv5vzsjyue3jrimz3ag2mdd,phist,1.9.3,0,FAILED,Root Failure,taetxzhwnpv5vzsjyue3jrimz3ag2mdd,ft6vaq44h6c5kptq4434a4t4fekitvyo,0,1,3600,/p/vast1/koparasy/BUILD/spack_cluster_installer/quartz/phist/specs/taetxzhwnpv5vzsjyue3jrimz3ag2mdd.yaml,"['dlcoh6sne3jhcafr2gpz5t5etj5ilpko', 'ptq3jv6tfq4elfszjnljj5kl6gbuu2hr', 'va7ravkis2whh76yrjrhlbya42juvaz2']"
tcykevuiouls3s3rq5cb3waoeixalesr,phist,develop,0,FAILED,Root Failure,tcykevuiouls3s3rq5cb3waoeixalesr,szegs77ax5jzqdew5ybiegl7icesumjp,0,1,3600,/p/vast1/koparasy/BUILD/spack_cluster_installer/quartz/phist/specs/tcykevuiouls3s3rq5cb3waoeixalesr.yaml,"['jpy7uqhzyetpybizm2offd2ayhytn7ui', 'jsl7r5mwlzon5hijlxtp4kxv2h6khsww', 'wpbb2equvn6ocffiaiolh3qhiv3ozuik', '3vo7xg5zutdxd3nsa5r7cidg5eiguepn']"
tgcmpl6jns2svscx3jnuqj33c5tilf2e,phist,develop,0,FAILED,Root Failure,tgcmpl6jns2svscx3jnuqj33c5tilf2e,violvl7pxkuw3lun4bh6jlnpkad7kzln,0,1,3600,/p/vast1/koparasy/BUILD/spack_cluster_installer/quartz/phist/specs/tgcmpl6jns2svscx3jnuqj33c5tilf2e.yaml,"['2fvwcsqfxv6trc3ucje34ywir3ep2ebm', 'jsl7r5mwlzon5hijlxtp4kxv2h6khsww', 'qfqhgzmtl2zvjx4z4em22nxgmvxv6fuz', 'rheabbmfxshe7nf5x6yfcaombbh47rv6']"
tkvffkomymbjck2kalf4kjgopjkk3ala,phist,develop,0,FAILED,Root Failure,tkvffkomymbjck2kalf4kjgopjkk3ala,md53iggjpjonqhvqpyr42pycvecvtz4z,0,1,3600,/p/vast1/koparasy/BUILD/spack_cluster_installer/quartz/phist/specs/tkvffkomymbjck2kalf4kjgopjkk3ala.yaml,"['elupkehd3uhq54xgxarsfic77hkj5373', 'oos6gwszelolzfanpnpghhdq6uco6yiq', 'a64dsl63tlgf6oo64trc62s3bqdef3rz', 'ccgudhcksxjs5pdmyedd7wojx47w7uih']"
ts3tw3esdca64r3p3ffg357iuj7hqqj7,phist,1.9.3,0,FAILED,Root Failure,ts3tw3esdca64r3p3ffg357iuj7hqqj7,kk6pn3dyygvwwgxum4542yponnvaui5l,0,1,3600,/p/vast1/koparasy/BUILD/spack_cluster_installer/quartz/phist/specs/ts3tw3esdca64r3p3ffg357iuj7hqqj7.yaml,"['i2v57gykhuszf366o6zf4itdcieajcj2', 'zglemr2jwuguu7fuwmx2lw5zjnjobhzy', '6wvvqp3me7kn52zisziksfnloukw3kbm']"
twmxiqxh2v6ixtcfx54hpcxievylewms,phist,develop,0,FAILED,Root Failure,twmxiqxh2v6ixtcfx54hpcxievylewms,5slnz6wcre2eoyfodcrdo5k6ep7cdap6,0,1,3600,/p/vast1/koparasy/BUILD/spack_cluster_installer/quartz/phist/specs/twmxiqxh2v6ixtcfx54hpcxievylewms.yaml,"['kdnl3rlh2xgikkgby3xpomo5q2y3kfev', 'pgpzgajsqpbujo5on4zavxbked6nijyv', 'a64dsl63tlgf6oo64trc62s3bqdef3rz', 'xre56drzhh5zil5vye3vyfqgiytsuleu']"
u4ezpoau4hrk4evuwm7v6fcshfmj4rtg,phist,master,0,FAILED,Root Failure,u4ezpoau4hrk4evuwm7v6fcshfmj4rtg,ciptqab6qiatvxxk7cmuuewndpga5hff,0,1,3600,/p/vast1/koparasy/BUILD/spack_cluster_installer/quartz/phist/specs/u4ezpoau4hrk4evuwm7v6fcshfmj4rtg.yaml,"['z6wk4st2lbp7cjklrfnax3sffnk4xrn5', 'rq6s2a5f726vcpa4lrpyipn6q2phmqvt', 'qbx2cckwws5nn4kmmg5u7wdg6up44gul', 'dkg2jq2zyspyrzwfku4jjp2cjulu2mq4']"
uhznalnzedjaset6s3gvbeb3x5bauvrh,phist,1.9.6,0,FAILED,Root Failure,uhznalnzedjaset6s3gvbeb3x5bauvrh,mc6yqoswflx5svqzqwi3ukbilyozqyuw,0,1,3600,/p/vast1/koparasy/BUILD/spack_cluster_installer/quartz/phist/specs/uhznalnzedjaset6s3gvbeb3x5bauvrh.yaml,"['rjm4hvld3dpi2ixltykozdebn3fbegz4', 'qao2iw6bdjj5a6bwmda4f7xqf6lhvu2z', 'pixgaikfwcfvjoaxl6ttns5cnaygnlh7', 'bplxwtxe56ekhs7ag2cfmsxgqa4l7wca']"
umnhfbsval6lam6fejgjd47fham6eoqp,phist,master,0,FAILED,Root Failure,umnhfbsval6lam6fejgjd47fham6eoqp,7vc3vlkgfly3zzmfge3ajglru2yzy5xv,0,1,3600,/p/vast1/koparasy/BUILD/spack_cluster_installer/quartz/phist/specs/umnhfbsval6lam6fejgjd47fham6eoqp.yaml,"['2ooattvyzef7jcufitfnwstlfoxav4xl', 'nnaxyn37rpv4cdnsn6bdq3dwjpjprguk', '32y6nyxbq7wijkurfzyrvorzfpc2mpmk', 'xfuvvfr4i4tjs5lykm4oszvtsukl2773']"
uq65tc7a6pd5jsrtkftfbo7l2zkc3oyb,phist,1.9.1,0,FAILED,Root Failure,uq65tc7a6pd5jsrtkftfbo7l2zkc3oyb,l3jwqgy3yizicnp3vs7a2lgvbev4ymmb,0,1,3600,/p/vast1/koparasy/BUILD/spack_cluster_installer/quartz/phist/specs/uq65tc7a6pd5jsrtkftfbo7l2zkc3oyb.yaml,"['elupkehd3uhq54xgxarsfic77hkj5373', 'uerfhf2dxzfeeq34cz7oumw6f2nye7kf', 'jav4wqudjcg7dsjv2bfmiftfzddznkg3', 'yqfosp3x5hkkrullaxgbrnmqe3s3pmuy']"
v3amwoxcjyyrvp6po2k3cbf57pyenuyx,phist,1.9.6,0,FAILED,Root Failure,v3amwoxcjyyrvp6po2k3cbf57pyenuyx,tg57dp7bi3blqxp7rxplhjv5whlol52d,0,1,3600,/p/vast1/koparasy/BUILD/spack_cluster_installer/quartz/phist/specs/v3amwoxcjyyrvp6po2k3cbf57pyenuyx.yaml,"['qgyod57avvzfkeffeddsiqnklmt7pw2o', 'jsl7r5mwlzon5hijlxtp4kxv2h6khsww', 'uerfhf2dxzfeeq34cz7oumw6f2nye7kf', 'qdh3aj7hhwaq7sieqvhhx3l6ng42yh4z']"
vhhdjszeuie6qektqru6sqvjoxhs3ikt,phist,master,0,FAILED,Root Failure,vhhdjszeuie6qektqru6sqvjoxhs3ikt,zybap2cnwmtdg74ghvg5lrdxkie5cvwl,0,1,3600,/p/vast1/koparasy/BUILD/spack_cluster_installer/quartz/phist/specs/vhhdjszeuie6qektqru6sqvjoxhs3ikt.yaml,"['24xbenoaj6pdwgxa46tt5hoyubrindx5', 'oos6gwszelolzfanpnpghhdq6uco6yiq', '5ylf25d2nuxwkiqv3j3qvzhrnqpxgs3v', 'vfycyf7w4awk3uxey57fgivc76amolgx']"
vio4shhyprml2wsrjprffolcncxobmqq,phist,1.9.4,0,FAILED,Root Failure,vio4shhyprml2wsrjprffolcncxobmqq,wfegcdlmbbaw7yyqacmr4wjfljts6jvp,0,1,3600,/p/vast1/koparasy/BUILD/spack_cluster_installer/quartz/phist/specs/vio4shhyprml2wsrjprffolcncxobmqq.yaml,"['cuebroshbqpxsgzmzqi3sh4tgfsauzhh', 'ygypy7hrlpr573l7usybknjq66a334ai', 'e4gzs3dduvc65i56avfdbyvn4hervnp6', 'yqfosp3x5hkkrullaxgbrnmqe3s3pmuy']"
vkb5soebed3s2inqrc6x5u3xrwi2zlnc,phist,master,0,FAILED,Root Failure,vkb5soebed3s2inqrc6x5u3xrwi2zlnc,h2z6yy2g5w3vawmojamlo5jcnhncnpuq,0,1,3600,/p/vast1/koparasy/BUILD/spack_cluster_installer/quartz/phist/specs/vkb5soebed3s2inqrc6x5u3xrwi2zlnc.yaml,"['4gih3qhistg2sr2t3b3gjv37ckcgxj4u', '2vo4ebck7e5f3rga4k7ek7hq2vbjgqab', 'nu7rve24orrsc2ievlfwnal4zmdm3kq6']"
vpnkxg5gzv6i6wpqfis2x5sljwsscky7,phist,1.9.4,0,FAILED,Root Failure,vpnkxg5gzv6i6wpqfis2x5sljwsscky7,tulv6mmftp4n7xppfm5zmkrcisoirput,0,1,3600,/p/vast1/koparasy/BUILD/spack_cluster_installer/quartz/phist/specs/vpnkxg5gzv6i6wpqfis2x5sljwsscky7.yaml,"['37j4ggfds732gt5lhnfrbd23jqustt7q', 'nnaxyn37rpv4cdnsn6bdq3dwjpjprguk', 'zoitcwm3mmoqi6lpjxnayztrwu6in5br', 'yqfosp3x5hkkrullaxgbrnmqe3s3pmuy']"
vq4sxjqomedbp7xz67j2zlixx7enu4mv,phist,master,0,FAILED,Root Failure,vq4sxjqomedbp7xz67j2zlixx7enu4mv,saq57h7k6yslu7wzblyk7vslj5yz2zjm,0,1,3600,/p/vast1/koparasy/BUILD/spack_cluster_installer/quartz/phist/specs/vq4sxjqomedbp7xz67j2zlixx7enu4mv.yaml,"['rjm4hvld3dpi2ixltykozdebn3fbegz4', '4nzq2eqvti2hifnqlkafgwvgpenqaale', '5ylf25d2nuxwkiqv3j3qvzhrnqpxgs3v', 'rheabbmfxshe7nf5x6yfcaombbh47rv6']"
vwhsxgr7mym3juv2yxxyd6jqdtiizqip,phist,1.7.3,0,FAILED,Root Failure,vwhsxgr7mym3juv2yxxyd6jqdtiizqip,gwnjhvsl3mgqn3jkiwi4lohfdcsluauk,0,1,3600,/p/vast1/koparasy/BUILD/spack_cluster_installer/quartz/phist/specs/vwhsxgr7mym3juv2yxxyd6jqdtiizqip.yaml,"['ajn6ok446bp5ckp2tgt5cssokfk6xdkh', 'unrvf6ehypzcbivpfz3d3a6wwj7ab4bi', 'zoitcwm3mmoqi6lpjxnayztrwu6in5br', 'hnhnmd3jslo76lpivjlkxepo5noqcapo']"
vy3quyflztgfkcn6j75rdhqss5oucnah,phist,1.9.5,0,FAILED,Root Failure,vy3quyflztgfkcn6j75rdhqss5oucnah,e74ierkommczqssghuvelewuhitwqfik,0,1,3600,/p/vast1/koparasy/BUILD/spack_cluster_installer/quartz/phist/specs/vy3quyflztgfkcn6j75rdhqss5oucnah.yaml,"['cuebroshbqpxsgzmzqi3sh4tgfsauzhh', '3hqp53udoet3v7jym6kv3gzuwzpcwugf', 'qfqhgzmtl2zvjx4z4em22nxgmvxv6fuz', '3hnfmmobqutp32nehbki364rmk5d2ozk']"
w6ybkeo7gbzzam7li22d5g5qgvpvh3y2,phist,develop,0,FAILED,Root Failure,w6ybkeo7gbzzam7li22d5g5qgvpvh3y2,2az2edsumphuh4fxx45ku3v6dfe6owaz,0,1,3600,/p/vast1/koparasy/BUILD/spack_cluster_installer/quartz/phist/specs/w6ybkeo7gbzzam7li22d5g5qgvpvh3y2.yaml,"['x57cd2yb5bh5lmm3rluojucbqqnegit4', 'o67hxbh52k63nf4og7xilfcc2gsfhrcl', 'wpbb2equvn6ocffiaiolh3qhiv3ozuik', 'ccgudhcksxjs5pdmyedd7wojx47w7uih']"
wn6r3h473nu542qfzgo7tfw7rvgtxa67,phist,1.9.1,0,FAILED,Root Failure,wn6r3h473nu542qfzgo7tfw7rvgtxa67,2iuml2nuoffz5xrjvbpzhzua3mtvfzu2,0,1,3600,/p/vast1/koparasy/BUILD/spack_cluster_installer/quartz/phist/specs/wn6r3h473nu542qfzgo7tfw7rvgtxa67.yaml,"['ajn6ok446bp5ckp2tgt5cssokfk6xdkh', 'rq6s2a5f726vcpa4lrpyipn6q2phmqvt', 'nu7rve24orrsc2ievlfwnal4zmdm3kq6', 'vfycyf7w4awk3uxey57fgivc76amolgx']"
wrlxhwutnrcvpy6xqri2zbpo2qvalymn,phist,1.9.6,0,FAILED,Root Failure,wrlxhwutnrcvpy6xqri2zbpo2qvalymn,krnfqojxpkfv7zdctvioixadak7i6uku,0,1,3600,/p/vast1/koparasy/BUILD/spack_cluster_installer/quartz/phist/specs/wrlxhwutnrcvpy6xqri2zbpo2qvalymn.yaml,"['lzivlklhrrdzq5yy4ufp5pdcnpeouy57', 'lrouz6fqqhd4ruqc56tmsxswjm5vacj3', 'e4gzs3dduvc65i56avfdbyvn4hervnp6', 'ya3luux2r7itkznf5t6ppfy2dyij326h']"
wvrztuu5jgqglzobwfvvawjhkg52ctaw,phist,master,0,FAILED,Root Failure,wvrztuu5jgqglzobwfvvawjhkg52ctaw,rrqaka4eygqoxifk7z256r24ov6g5wpt,0,1,3600,/p/vast1/koparasy/BUILD/spack_cluster_installer/quartz/phist/specs/wvrztuu5jgqglzobwfvvawjhkg52ctaw.yaml,"['f6pmtbfpfyjszbukxpsma5wq3rgi3joh', 'qao2iw6bdjj5a6bwmda4f7xqf6lhvu2z', 'a64dsl63tlgf6oo64trc62s3bqdef3rz', '3vo7xg5zutdxd3nsa5r7cidg5eiguepn']"
x5omkmhsgztghfu662kten3zq3mosziy,phist,1.9.1,0,FAILED,Root Failure,x5omkmhsgztghfu662kten3zq3mosziy,xynwg3dnm26c6tim4m5u3jvwsetdfor4,0,1,3600,/p/vast1/koparasy/BUILD/spack_cluster_installer/quartz/phist/specs/x5omkmhsgztghfu662kten3zq3mosziy.yaml,"['xoh5dfpj74wuz7vfwubmoobpfekx2xwp', 'ptq3jv6tfq4elfszjnljj5kl6gbuu2hr', 'ackaa2l4svlmygwwfnzddif7yk6vmngp']"
xfeuferrvzhawvruvgk24rrbncsdyrjh,phist,develop,0,FAILED,Root Failure,xfeuferrvzhawvruvgk24rrbncsdyrjh,txlomucfqbjhfjmrns76osejoafnc5qt,0,1,3600,/p/vast1/koparasy/BUILD/spack_cluster_installer/quartz/phist/specs/xfeuferrvzhawvruvgk24rrbncsdyrjh.yaml,"['fcmgle4uau2xzbnilxj4pifskp4aadrz', 'rq6s2a5f726vcpa4lrpyipn6q2phmqvt', '4vl3lfy7q3ccacbramfkhlnoso3zjez6', '6cemqe5lg744gohy4vcapxo4gs53rzhb']"
xoxu4p7mkecq3nuzuizddzdop2bknfpz,phist,1.9.6,0,FAILED,Root Failure,xoxu4p7mkecq3nuzuizddzdop2bknfpz,jwwqqoiuaevv27e3urbtwew2wzjxtnfl,0,1,3600,/p/vast1/koparasy/BUILD/spack_cluster_installer/quartz/phist/specs/xoxu4p7mkecq3nuzuizddzdop2bknfpz.yaml,"['fm4ireyepeuzbbhzxu52tmdaiw46suw3', 'qao2iw6bdjj5a6bwmda4f7xqf6lhvu2z', 'oymegvbkeubve4y2qwlvmdxfb4jrsjbt', '4yvnccgrs5ztzvogkmik6vttarj7dxvi']"
xzxjy4v4rnkcijvlgq75doa6k4mxkvkf,phist,develop,0,FAILED,Root Failure,xzxjy4v4rnkcijvlgq75doa6k4mxkvkf,hi4qa2os5qwh3viwllib7oclnxdmamwx,0,1,3600,/p/vast1/koparasy/BUILD/spack_cluster_installer/quartz/phist/specs/xzxjy4v4rnkcijvlgq75doa6k4mxkvkf.yaml,"['3gsn4le7stkw4enroe2oljii4npbqsyu', '3hqp53udoet3v7jym6kv3gzuwzpcwugf', 'enmph22kij4dkoywh774utctv74v22o2', 'vtlk5yenrh5wgpzgyp6z5bh23o4pmfzn']"
yexdwh5volrt7kl4pinoalsbgybks4td,phist,1.9.2,0,FAILED,Root Failure,yexdwh5volrt7kl4pinoalsbgybks4td,v7nwm7ppvr6ppmu7ndpuxfxq7k3gieqe,0,1,3600,/p/vast1/koparasy/BUILD/spack_cluster_installer/quartz/phist/specs/yexdwh5volrt7kl4pinoalsbgybks4td.yaml,"['oyxo4cjuqp4agyztxxisuwva3l2rru4f', 'rq6s2a5f726vcpa4lrpyipn6q2phmqvt', 'qbx2cckwws5nn4kmmg5u7wdg6up44gul', 'yqfosp3x5hkkrullaxgbrnmqe3s3pmuy']"
yfmg4ukqhctut5l7mqwoce6qvzkoninf,phist,master,0,FAILED,Root Failure,yfmg4ukqhctut5l7mqwoce6qvzkoninf,3kiewahf4d7amqlrxse5c2gdd5jxojrr,0,1,3600,/p/vast1/koparasy/BUILD/spack_cluster_installer/quartz/phist/specs/yfmg4ukqhctut5l7mqwoce6qvzkoninf.yaml,"['okwpzdocjdmo3kshjl5m366tdoriw72q', 'jsl7r5mwlzon5hijlxtp4kxv2h6khsww', '5ylf25d2nuxwkiqv3j3qvzhrnqpxgs3v', 'kkxlrfiyvoo3u6epavg7k47qei5ilarz']"
yho47fgkmawigk4juwn3x46d2ihuoitl,phist,develop,0,FAILED,Root Failure,yho47fgkmawigk4juwn3x46d2ihuoitl,hfx5fcp6s352ce2oqnmvjbbjg45yyokp,0,1,3600,/p/vast1/koparasy/BUILD/spack_cluster_installer/quartz/phist/specs/yho47fgkmawigk4juwn3x46d2ihuoitl.yaml,"['qggj523dktgoblmay3gsyfmqjswi3775', 'pgpzgajsqpbujo5on4zavxbked6nijyv', '4vl3lfy7q3ccacbramfkhlnoso3zjez6', 'mtkvtrd5gwojttkg3ouj4tqssfi53hzi']"
ykkwnvhahzzpzagfykvwu62umxhu57wm,phist,1.9.5,0,FAILED,Root Failure,ykkwnvhahzzpzagfykvwu62umxhu57wm,hpgecegowu7a6mlcy32r5ral7kwaqpmu,0,1,3600,/p/vast1/koparasy/BUILD/spack_cluster_installer/quartz/phist/specs/ykkwnvhahzzpzagfykvwu62umxhu57wm.yaml,"['kfrgbub7dgpa2ektnytztsh2nwdfxv7r', '3hqp53udoet3v7jym6kv3gzuwzpcwugf', 'a64dsl63tlgf6oo64trc62s3bqdef3rz', '6cemqe5lg744gohy4vcapxo4gs53rzhb']"
yo4rowqjdkrl7bnmh2itv7qgpsqjnl3h,phist,master,0,FAILED,Root Failure,yo4rowqjdkrl7bnmh2itv7qgpsqjnl3h,vl2ycbeewjgq5ezbkfht6mpxhlvcjukf,0,1,3600,/p/vast1/koparasy/BUILD/spack_cluster_installer/quartz/phist/specs/yo4rowqjdkrl7bnmh2itv7qgpsqjnl3h.yaml,"['gzmgmqmw5tnpoh4vkqnhiwd5j5hx4mvk', 'oos6gwszelolzfanpnpghhdq6uco6yiq', 'a64dsl63tlgf6oo64trc62s3bqdef3rz', 'hnhnmd3jslo76lpivjlkxepo5noqcapo']"
yrfoejot4qch6pl2kmoooiapaj3xgbyk,phist,develop,0,FAILED,Root Failure,yrfoejot4qch6pl2kmoooiapaj3xgbyk,wpw652pgivudrppmrlxdjfykwsh5yvsq,0,1,3600,/p/vast1/koparasy/BUILD/spack_cluster_installer/quartz/phist/specs/yrfoejot4qch6pl2kmoooiapaj3xgbyk.yaml,"['mjr2modeaqgy4b3jqdc2phbmyqxfmrrp', 'nnaxyn37rpv4cdnsn6bdq3dwjpjprguk', 'a64dsl63tlgf6oo64trc62s3bqdef3rz', 'kkxlrfiyvoo3u6epavg7k47qei5ilarz']"
yzls62ef6zngnb2av4vorzoas7nepwhv,phist,1.9.4,0,FAILED,Root Failure,yzls62ef6zngnb2av4vorzoas7nepwhv,2qab5cnca3o67awlc33adwmkuyd7rikl,0,1,3600,/p/vast1/koparasy/BUILD/spack_cluster_installer/quartz/phist/specs/yzls62ef6zngnb2av4vorzoas7nepwhv.yaml,"['v5fkij426oajch4eai6vffgkd3efp4wy', 'gl4562nyh4hoc4msxbhplo472wjfaxnz', 'e4gzs3dduvc65i56avfdbyvn4hervnp6']"
zd2pacim7ehm7h77ce3mecjfqnxvvass,phist,1.9.6,0,FAILED,Root Failure,zd2pacim7ehm7h77ce3mecjfqnxvvass,qpkbasdaoxydh3j74n4dcd4r5hoc6gzk,0,1,3600,/p/vast1/koparasy/BUILD/spack_cluster_installer/quartz/phist/specs/zd2pacim7ehm7h77ce3mecjfqnxvvass.yaml,"['ntzozvjjwznqyjkm7gqkljobim4f3oos', 'sm7tvonxqb65nc4huwkpqd2on2fqtiug', '7f47oejpookmf3ecbjnazq76gfy6nuw6', 't3vuev57mj7kw6ikd5bpm4vb6pl7mo2k']"
zea3zl3qnkf55iypmwbgqlj2xpgeitzu,phist,develop,0,FAILED,Root Failure,zea3zl3qnkf55iypmwbgqlj2xpgeitzu,bu7c2kmq5wt46zveahpi7kbq4qrnl2yg,0,1,3600,/p/vast1/koparasy/BUILD/spack_cluster_installer/quartz/phist/specs/zea3zl3qnkf55iypmwbgqlj2xpgeitzu.yaml,"['mjr2modeaqgy4b3jqdc2phbmyqxfmrrp', 'r2rz3uyaaz36oa25abaz6ac6vrn3fa27', 'enmph22kij4dkoywh774utctv74v22o2']"
zfkslktuql6s5mxdc7ncphxknxnjqqo6,phist,develop,0,FAILED,Root Failure,zfkslktuql6s5mxdc7ncphxknxnjqqo6,l2igucys4kgckyzsgzdl6xxz46azconw,0,1,3600,/p/vast1/koparasy/BUILD/spack_cluster_installer/quartz/phist/specs/zfkslktuql6s5mxdc7ncphxknxnjqqo6.yaml,"['s7dakpotlx4eu4ctugpgnwnjg4nagq6w', 'o67hxbh52k63nf4og7xilfcc2gsfhrcl', 'pixgaikfwcfvjoaxl6ttns5cnaygnlh7', 'wv67ekgtmnnhxjsx45qulie2ubqxgvoc']"
ziglijfnrlywt4gpd4wyq72pkplaxhts,phist,master,0,FAILED,Root Failure,ziglijfnrlywt4gpd4wyq72pkplaxhts,5ds6bkl2m6ndhj3ewzbujrw2u7hmx3cg,0,1,3600,/p/vast1/koparasy/BUILD/spack_cluster_installer/quartz/phist/specs/ziglijfnrlywt4gpd4wyq72pkplaxhts.yaml,"['c5p4p2ybhvuk2ddjlznqvufgro7kaoyj', 'oos6gwszelolzfanpnpghhdq6uco6yiq', 'enmph22kij4dkoywh774utctv74v22o2', 'blx5oevdamsygvihtxj347vgwhchodl4']"
zmag565gtb7mbwipkmkrvjlv4lny33cc,phist,1.9.5,0,FAILED,Root Failure,zmag565gtb7mbwipkmkrvjlv4lny33cc,oznjyykuh76amn5hoqy2p4bopukyxmvf,0,1,3600,/p/vast1/koparasy/BUILD/spack_cluster_installer/quartz/phist/specs/zmag565gtb7mbwipkmkrvjlv4lny33cc.yaml,"['ajn6ok446bp5ckp2tgt5cssokfk6xdkh', 'nnaxyn37rpv4cdnsn6bdq3dwjpjprguk', 'e4gzs3dduvc65i56avfdbyvn4hervnp6', 'bufv2ttl66wolia64nt6wh2xanandsiy']"
